479
34 108 
40 128 
46 76 
40 80 
48 100 
48 92 
40 112 
36 72 
52 84 
44 84 
30 88 
44 112 
42 100 
40 84 
48 132 
44 92 
44 120 
36 108 
46 84 
38 100 
36 60 
40 52 
58 76 
38 112 
52 112 
40 96 
42 104 
52 100 
48 84 
34 92 
48 80 
42 96 
50 100 
30 92 
48 96 
34 104 
36 88 
42 92 
38 76 
46 96 
42 64 
50 64 
50 112 
44 104 
52 104 
40 68 
40 120 
42 120 
40 108 
50 84 
50 60 
38 104 
34 84 
54 108 
36 120 
40 76 
42 84 
38 108 
48 128 
52 96 
58 100 
46 92 
42 72 
44 72 
42 88 
32 104 
42 124 
46 104 
40 104 
48 68 
44 60 
40 132 
48 88 
30 96 
56 80 
48 60 
36 80 
32 76 
50 92 
50 96 
40 116 
48 104 
44 116 
38 68 
46 116 
52 108 
52 88 
58 108 
44 96 
50 116 
54 72 
40 88 
60 76 
40 60 
36 96 
48 56 
52 116 
54 112 
50 80 
56 92 
38 84 
46 120 
28 108 
24 84 
38 116 
38 72 
42 80 
40 92 
50 88 
56 68 
26 84 
52 80 
36 76 
36 104 
32 68 
32 72 
30 124 
42 108 
34 100 
48 112 
34 132 
28 84 
52 64 
32 88 
42 112 
32 80 
46 88 
48 72 
46 112 
52 72 
44 80 
46 68 
54 100 
28 72 
26 100 
42 68 
30 104 
26 76 
36 56 
30 76 
30 108 
44 100 
38 80 
46 124 
54 84 
28 116 
50 76 
48 76 
56 112 
46 60 
38 60 
44 88 
30 84 
46 100 
32 84 
34 120 
50 68 
36 100 
50 104 
26 104 
48 116 
40 100 
58 68 
42 76 
40 124 
46 80 
32 108 
60 72 
46 64 
50 72 
52 124 
44 64 
48 108 
44 76 
50 120 
32 100 
36 128 
32 112 
32 96 
60 92 
38 120 
44 136 
38 88 
56 76 
54 104 
38 96 
44 68 
36 112 
34 68 
34 96 
34 116 
54 80 
34 88 
40 72 
50 108 
30 100 
42 56 
28 76 
34 76 
56 72 
42 116 
32 92 
56 64 
52 76 
34 80 
54 64 
34 112 
56 84 
46 72 
52 136 
30 120 
44 128 
56 104 
46 132 
36 64 
54 92 
34 60 
54 56 
54 120 
50 124 
58 116 
36 68 
58 84 
56 48 
42 132 
56 108 
36 84 
52 56 
28 112 
50 52 
40 64 
46 108 
54 96 
38 92 
58 92 
44 124 
54 88 
54 60 
24 112 
58 64 
48 64 
36 116 
52 92 
54 44 
26 96 
44 108 
42 60 
40 56 
36 124 
46 128 
28 88 
54 76 
34 72 
42 128 
38 124 
48 52 
56 96 
38 64 
32 64 
28 100 
24 68 
36 92 
52 68 
54 68 
30 112 
28 92 
32 56 
48 120 
42 52 
34 124 
62 76 
60 60 
32 124 
60 80 
58 60 
56 100 
58 88 
60 68 
28 104 
52 128 
54 128 
58 96 
58 104 
24 104 
50 56 
38 128 
60 56 
34 64 
38 132 
48 124 
62 80 
54 52 
54 116 
28 80 
46 40 
38 48 
30 80 
24 96 
44 52 
60 96 
64 76 
62 68 
26 88 
64 72 
32 116 
58 112 
46 56 
58 80 
62 44 
30 68 
30 72 
52 120 
60 88 
50 48 
32 120 
64 60 
28 60 
34 128 
24 80 
56 52 
52 40 
60 100 
26 92 
28 96 
62 64 
52 52 
30 60 
56 88 
24 76 
38 52 
30 116 
26 80 
44 56 
28 56 
50 40 
60 108 
26 72 
52 60 
56 116 
44 132 
60 84 
52 132 
56 56 
46 52 
20 80 
60 64 
32 60 
64 104 
44 48 
52 44 
24 88 
58 56 
38 40 
50 132 
48 48 
52 48 
56 60 
58 72 
40 136 
62 56 
40 140 
22 68 
50 128 
62 60 
34 56 
60 48 
22 88 
58 52 
24 100 
32 128 
38 56 
46 48 
26 68 
28 64 
36 48 
24 72 
54 124 
56 120 
42 48 
26 112 
62 48 
56 128 
26 120 
56 44 
30 64 
62 72 
58 48 
26 108 
26 60 
54 48 
30 56 
48 44 
50 44 
32 132 
24 92 
36 52 
62 84 
62 100 
60 104 
36 132 
42 136 
26 116 
28 68 
60 120 
44 44 
32 52 
20 84 
22 84 
58 128 
68 56 
58 120 
50 140 
28 128 
22 80 
48 136 
38 136 
22 104 
64 84 
50 36 
26 56 
56 124 
58 124 
64 88 
66 68 
28 120 
40 48 
34 48 
30 48 
64 80 
24 64 
62 92 
30 128 
62 52 
24 60 
26 64 
56 132 
58 40 
58 36 
58 132 
64 48 
24 108 
60 52 
22 72 
32 48 
28 124 
64 68 
52 36 
44 140 
54 132 
64 56 
50 136 
60 40 
68 60 
46 44 
30 52 
64 64 
24 116 
46 140 
48 40 
42 140 
36 136 
36 44 
40 44 
62 88 
66 80 
64 92 
46 136 
34 44 
24 120 
60 112 
56 40 
60 116 
42 44 
22 100 
34 52 
62 112 
60 124 
52 140 
64 108 
