115
30 194 352 434
76 110 162 250
64 90 228 218
82 122 138 266
82 170 114 242
76 90 212 218
52 202 110 370
110 62 148 434
74 50 360 370
68 54 350 378
98 242 366 82
104 250 132 170
108 262 118 186
108 234 182 122
122 246 150 146
94 238 210 114
74 242 266 106
70 198 158 202
80 210 380 82
62 206 334 98
68 202 354 90
90 158 394 82
126 50 318 418
122 242 70 450
60 122 360 130
62 94 340 162
74 82 334 170
80 86 340 162
66 122 358 122
82 110 368 122
44 82 292 346
76 90 114 426
62 98 130 418
100 282 112 202
76 210 82 418
74 106 104 402
74 74 144 458
60 198 96 386
64 130 176 218
74 170 112 258
86 94 104 418
88 102 96 442
60 226 102 290
112 146 124 242
102 190 194 122
100 170 212 122
108 174 222 114
94 130 186 178
116 202 162 146
92 162 184 154
76 154 366 90
90 122 362 106
90 86 246 186
72 138 292 122
82 142 190 170
114 122 124 282
98 114 256 138
88 102 266 146
32 194 328 410
86 102 192 274
80 118 268 210
94 134 156 250
96 174 136 234
90 122 200 226
66 206 132 362
118 86 162 410
90 74 344 450
70 78 346 386
86 246 348 90
104 234 148 194
108 246 134 210
110 226 172 162
128 230 156 178
90 218 218 138
72 226 256 130
72 194 160 218
84 198 336 114
60 190 324 122
66 186 344 114
88 146 382 90
118 74 334 410
128 226 76 450
56 146 360 146
58 118 340 178
70 106 334 186
84 98 322 194
62 146 358 138
86 122 350 154
56 90 318 338
80 94 140 410
66 118 196 402
100 266 128 226
78 222 86 394
82 106 124 394
78 78 170 442
66 182 102 418
78 146 210 210
80 154 118 290
90 98 130 402
88 122 134 386
66 210 108 322
116 142 136 266
102 174 210 146
104 154 230 138
104 158 170 194
116 186 178 170
102 190 168 170
72 178 366 106
98 154 336 114
86 110 246 202
68 162 292 138
92 170 174 186
118 118 136 306
94 138 256 154
84 126 266 162