3539
33 108 143 278
71 88 77 194
57 100 101 162
53 84 87 242
31 124 165 198
75 88 73 198
51 160 87 146
71 84 109 154
39 80 139 298
33 140 199 134
59 68 95 262
59 96 57 350
63 124 65 170
45 96 171 162
51 92 73 342
39 96 129 262
35 128 167 154
35 144 153 142
33 160 93 234
59 136 45 290
65 112 63 210
57 88 147 146
83 52 123 226
63 48 135 314
77 88 95 166
65 48 133 274
65 184 81 130
37 88 141 270
65 96 79 182
45 104 127 174
65 68 69 290
59 116 95 146
39 176 97 170
63 52 189 226
65 144 133 82
49 112 105 174
35 84 187 254
55 148 65 186
65 84 99 178
47 120 143 118
53 68 91 366
45 116 133 146
45 140 83 194
49 104 99 202
37 76 193 334
43 132 155 122
49 80 103 266
61 92 83 198
65 144 59 174
45 180 149 90
69 108 101 134
57 52 179 250
51 124 125 118
39 128 133 166
47 92 125 194
81 104 65 198
77 84 79 206
27 128 145 254
49 152 169 82
51 100 161 134
67 48 183 246
45 84 135 214
67 96 151 118
55 60 115 262
61 108 91 146
31 148 133 198
49 120 143 110
71 140 101 110
31 132 187 166
41 76 163 230
69 52 109 278
63 160 139 78
53 60 135 310
61 140 161 86
29 144 155 178
49 88 87 318
61 120 107 114
49 180 65 222
39 108 121 230
73 116 157 94
69 68 77 254
53 80 157 162
53 84 91 238
37 100 155 226
47 112 115 158
57 80 97 202
55 108 89 174
47 80 97 270
47 100 103 202
65 64 91 214
77 124 79 134
47 100 127 150
49 172 163 78
41 136 141 130
67 48 109 310
55 96 101 166
71 96 75 190
49 72 143 218
39 96 157 206
55 116 69 214
61 136 53 210
63 68 197 166
39 92 189 190
61 96 87 170
51 80 103 234
35 124 187 158
41 112 141 166
45 68 153 270
37 128 157 154
81 44 157 238
57 92 193 134
25 132 155 330
51 92 123 166
53 108 77 222
45 116 81 210
45 100 99 254
53 128 123 110
61 104 105 130
43 92 201 174
81 132 57 174
69 104 49 294
59 80 91 218
79 104 91 142
61 152 49 226
69 72 65 282
69 84 129 142
45 112 145 146
43 92 107 246
65 52 141 246
35 172 119 166
41 156 127 122
49 116 69 246
77 112 51 246
53 84 95 226
41 108 101 258
33 164 121 182
71 120 57 178
41 144 147 118
37 96 161 206
61 132 51 270
55 52 147 330
43 132 123 142
53 68 175 182
43 148 67 250
69 56 127 226
51 124 97 166
59 88 101 174
65 128 61 178
61 92 85 174
59 92 203 126
39 104 165 178
67 116 45 266
61 48 139 330
31 140 149 178
51 104 73 246
51 76 103 278
31 160 135 158
67 152 69 138
79 104 57 206
75 100 107 130
43 108 105 222
31 112 145 302
77 108 147 106
31 140 187 146
73 164 109 94
25 168 221 154
35 132 99 254
51 80 125 206
53 76 129 206
61 112 57 234
39 76 169 342
33 156 155 138
43 96 117 214
73 84 141 134
81 84 115 142
39 100 175 178
27 160 121 226
33 136 223 134
63 156 73 142
25 164 177 178
67 152 51 210
51 68 105 350
105 44 185 226
47 124 123 134
47 172 75 178
43 168 71 234
49 76 167 182
59 132 53 258
49 124 101 166
37 104 145 206
71 76 111 166
43 120 87 250
45 152 97 154
61 56 133 258
51 56 159 338
51 108 107 162
59 160 77 134
55 156 177 74
53 176 101 126
77 48 95 310
61 152 77 134
31 124 167 178
59 116 109 122
55 72 85 286
71 72 183 142
43 160 169 90
51 88 135 166
31 100 179 246
49 120 149 106
59 104 89 162
57 60 149 198
73 112 77 146
67 100 61 254
43 168 101 154
65 80 59 278
45 116 155 126
45 176 165 86
49 88 127 190
55 120 83 178
57 116 47 334
67 76 207 142
57 100 73 234
67 116 57 230
47 88 141 190
59 52 155 278
57 136 53 242
45 128 131 138
55 72 83 334
59 124 71 150
51 148 111 118
73 96 51 262
27 144 191 186
65 164 37 314
53 100 105 154
33 176 119 170
55 92 81 226
65 84 63 274
49 64 185 230
71 84 103 170
43 100 95 294
49 104 101 182
55 112 101 154
29 128 129 258
37 168 127 138
71 140 81 130
55 160 101 118
49 112 177 110
87 140 37 242
75 48 101 270
59 56 143 222
41 104 135 174
45 72 191 210
49 124 121 134
47 120 97 178
75 92 47 298
55 128 53 294
69 56 87 278
89 128 117 94
49 84 133 198
63 128 47 274
31 164 143 130
55 92 117 162
35 136 123 198
27 128 171 218
71 104 51 254
29 144 181 170
55 88 135 162
77 108 93 138
37 128 179 130
75 76 79 214
41 72 161 334
45 120 93 190
33 116 131 246
39 108 131 214
43 112 167 134
51 148 117 110
33 152 175 114
73 108 59 202
65 76 89 206
59 52 111 342
45 96 81 314
79 128 37 294
47 152 135 102
43 84 123 278
49 76 111 254
77 48 107 246
53 92 91 190
69 84 81 202
55 52 193 282
55 128 91 154
67 48 119 294
85 152 33 274
67 80 73 222
49 96 199 138
83 76 75 218
39 128 135 158
65 92 71 202
51 116 115 146
91 92 67 202
65 120 159 94
47 136 77 186
41 116 119 166
35 80 179 330
29 108 189 262
57 112 85 158
55 72 143 194
41 120 93 198
37 124 195 146
57 56 151 246
29 144 219 146
41 108 123 202
57 48 165 334
73 56 115 214
29 112 171 242
45 112 125 166
77 80 103 174
49 80 133 218
53 152 107 122
79 72 79 226
67 104 91 154
83 64 193 146
65 100 75 190
39 140 169 110
55 92 89 198
53 104 115 134
99 48 185 210
39 92 145 238
25 120 165 270
49 76 95 286
25 148 127 234
43 164 121 130
33 132 191 138
39 96 119 270
67 44 133 326
75 80 127 150
45 128 141 118
69 108 67 186
49 128 83 182
49 56 149 378
47 92 161 162
33 88 155 338
55 156 107 102
57 68 103 246
41 120 115 194
43 88 135 230
57 156 61 186
29 148 161 174
65 48 113 354
41 120 147 146
53 80 77 286
63 64 115 218
53 132 91 154
51 56 183 266
37 84 163 262
43 156 139 106
77 48 207 202
67 88 65 250
57 108 101 150
57 100 89 186
55 108 121 130
75 136 35 310
47 68 189 210
43 68 151 358
43 144 137 114
57 56 109 342
31 112 197 198
63 84 65 254
37 132 91 262
77 124 39 250
75 124 47 222
39 76 167 346
71 48 103 314
35 164 93 214
63 120 53 238
35 128 145 170
57 56 149 270
43 104 157 154
81 72 103 182
71 192 151 66
43 112 99 226
49 148 207 82
59 64 107 222
47 120 91 186
31 140 109 282
71 44 169 266
61 100 77 194
47 160 101 146
85 40 187 254
47 72 105 278
53 76 83 294
51 128 65 238
61 48 133 346
75 128 123 94
97 128 37 254
49 60 129 346
33 148 169 138
45 64 155 334
75 56 127 198
41 116 179 142
69 56 97 266
51 76 113 238
75 132 49 198
53 112 169 114
41 140 167 110
55 108 69 218
51 88 107 182
33 128 117 274
47 72 143 246
69 120 151 94
85 108 47 238
29 132 141 238
29 160 117 218
45 172 187 74
95 44 207 226
59 52 137 302
27 124 159 282
65 56 97 382
49 116 203 106
49 84 103 246
33 124 183 170
59 68 101 246
49 168 201 78
33 116 145 210
47 104 113 178
79 116 51 218
69 100 59 218
35 104 129 238
73 92 73 194
47 144 115 134
67 116 85 146
37 124 155 162
49 104 91 210
61 100 177 114
47 116 89 190
43 152 113 138
59 80 143 166
57 84 131 162
83 60 109 214
29 124 169 202
55 148 73 174
69 112 67 182
25 156 125 266
31 144 153 162
51 108 69 226
45 80 143 202
45 96 129 190
41 72 173 266
65 64 123 202
67 84 117 150
39 104 123 226
43 152 129 118
39 112 101 278
57 128 77 170
87 36 197 282
49 120 103 166
61 108 131 114
27 140 165 198
47 100 71 290
57 80 75 254
57 92 69 278
53 100 69 286
45 116 109 186
57 188 45 250
49 156 117 110
55 132 103 134
49 164 57 258
67 120 97 118
79 116 41 266
77 148 45 234
69 64 127 182
53 84 131 170
31 128 143 202
57 116 105 142
61 60 123 246
45 68 131 366
47 160 159 82
51 72 141 218
73 36 161 338
71 116 103 118
53 52 203 298
43 84 121 310
53 92 167 142
45 148 65 282
49 64 147 294
27 116 165 270
49 72 151 198
75 72 115 166
55 64 169 214
65 60 99 238
63 148 99 106
51 104 95 206
83 96 69 194
61 108 49 318
43 164 167 82
39 100 117 254
43 116 143 142
75 132 53 194
31 156 157 150
69 144 101 106
79 120 149 90
71 60 91 266
43 88 173 178
71 100 55 258
61 108 55 254
35 116 135 226
45 96 91 298
55 144 111 106
35 116 167 178
89 108 63 182
39 108 149 174
37 128 149 162
67 132 65 166
39 88 161 234
37 152 137 130
65 180 95 102
65 60 81 310
33 104 177 206
25 160 207 174
67 124 43 274
65 56 99 310
35 148 103 210
33 144 165 146
59 152 63 182
57 108 49 326
47 128 67 202
41 136 145 126
79 152 37 254
63 88 69 230
35 112 113 274
59 124 93 134
37 136 167 122
53 80 121 206
63 76 65 278
41 76 151 258
41 116 171 146
47 108 95 218
51 148 189 82
49 80 135 198
41 132 121 154
35 108 177 186
29 148 123 226
65 168 131 78
27 148 211 150
27 156 141 186
81 52 113 234
49 76 105 270
67 84 55 286
43 88 139 198
37 144 139 134
27 136 191 190
75 100 83 158
93 48 163 214
31 92 171 250
57 80 125 186
47 72 151 230
57 52 125 374
49 152 123 94
49 104 131 142
33 128 125 194
57 112 79 174
63 100 117 122
41 108 173 150
33 88 207 318
47 104 97 214
49 60 177 258
65 116 97 130
51 60 135 330
55 76 93 250
47 124 171 102
39 104 181 170
45 108 153 146
71 128 53 210
45 104 125 178
65 64 117 210
67 104 77 166
37 124 171 150
33 156 147 146
55 68 137 198
53 168 185 78
29 108 199 258
45 68 141 298
69 96 105 142
79 80 99 170
47 156 107 134
37 128 129 174
41 72 183 254
33 104 157 218
49 140 173 90
33 128 187 146
49 88 129 186
55 148 47 330
47 140 187 90
61 120 93 130
41 96 177 178
59 48 137 354
67 112 61 214
31 108 175 242
31 136 123 246
55 100 63 290
47 60 153 358
55 124 51 314
67 44 135 318
73 104 49 270
31 152 125 178
47 160 111 130
37 112 109 314
55 84 85 218
61 68 103 202
81 76 89 182
23 136 163 222
47 72 115 262
47 116 151 122
41 120 117 186
33 140 109 186
63 76 109 194
69 152 171 70
45 140 127 126
53 124 71 194
67 56 137 202
47 148 109 138
45 168 107 138
61 76 115 190
43 76 165 222
63 128 43 298
69 168 107 94
63 72 119 190
61 132 55 242
67 96 95 150
57 124 69 182
69 60 81 282
49 72 127 230
41 124 113 186
31 132 139 202
67 172 117 94
47 100 125 182
35 96 161 222
29 108 171 294
33 148 107 218
67 80 61 270
63 120 63 198
39 164 123 130
47 64 175 258
25 128 167 234
45 100 147 166
77 96 61 230
85 56 157 182
43 92 131 210
45 72 121 266
67 80 77 214
41 144 197 98
65 92 75 194
53 104 79 198
37 88 151 238
67 144 75 142
63 144 57 182
39 180 215 78
51 76 75 302
67 64 83 258
73 112 131 106
61 56 105 306
35 156 131 150
47 132 123 126
49 92 107 206
51 148 71 178
45 96 107 222
75 168 73 134
69 144 69 138
57 132 55 250
49 92 131 154
67 40 165 390
51 88 83 266
69 64 109 206
39 140 139 146
41 112 187 130
23 156 165 194
53 96 81 266
51 128 119 134
57 128 79 150
73 140 75 138
53 92 115 174
37 128 155 158
69 88 97 174
61 64 85 346
71 112 47 274
41 156 95 162
55 100 177 122
45 88 111 238
49 128 87 174
31 116 153 226
43 120 115 170
47 112 109 174
47 152 79 178
57 152 101 110
53 120 109 126
63 84 133 146
45 76 139 238
51 128 79 182
57 52 141 326
39 120 165 138
45 112 89 242
37 96 169 202
51 124 79 190
29 156 169 162
61 84 65 318
49 168 83 154
51 68 173 198
31 148 111 246
51 80 93 274
31 112 137 318
41 88 121 318
59 128 105 114
39 84 167 242
33 144 187 122
37 100 135 230
61 80 81 214
41 124 133 154
33 136 175 158
63 116 101 130
77 160 99 98
49 152 105 142
55 104 141 118
55 52 185 290
73 136 41 246
45 148 93 170
63 88 113 150
31 124 139 238
41 80 123 286
61 48 179 250
73 80 111 162
69 136 125 90
39 132 133 150
33 108 157 210
75 92 101 150
51 100 113 174
49 124 93 182
57 108 117 130
57 48 157 342
73 48 111 266
67 56 107 262
27 116 159 286
65 76 167 150
55 96 151 126
37 136 195 118
41 128 153 130
33 180 221 102
57 132 49 282
37 172 145 122
51 116 169 106
47 88 109 222
81 108 165 98
47 72 133 254
51 132 113 134
75 104 45 294
69 64 113 202
47 136 155 94
35 116 177 170
45 80 119 298
83 92 97 154
27 172 113 210
23 156 191 178
43 156 235 86
59 56 161 214
53 60 133 322
59 160 59 194
41 112 127 190
57 84 191 150
41 96 137 206
59 68 105 238
71 64 115 182
75 76 161 142
43 120 133 150
37 160 181 98
51 96 161 142
45 132 123 138
57 108 163 110
53 120 135 110
35 100 151 230
53 132 59 218
39 80 179 238
33 92 169 310
57 80 161 158
83 136 41 230
59 120 121 114
83 128 37 270
65 152 125 86
59 88 79 222
55 76 103 234
71 88 61 238
61 68 85 254
95 36 207 266
43 100 103 254
57 96 137 138
69 72 81 222
39 124 155 146
65 56 101 302
69 112 63 206
57 88 109 166
59 104 159 110
49 76 139 210
35 104 181 198
33 136 155 174
71 76 83 194
75 128 61 158
63 148 47 226
65 148 53 190
53 116 137 106
57 144 73 166
47 60 151 362
69 84 155 130
73 76 155 146
71 52 101 278
31 88 197 366
43 164 133 106
63 80 133 162
79 88 67 206
59 72 77 266
49 108 91 186
53 152 63 202
59 128 99 122
37 160 81 258
81 96 81 170
43 120 105 186
57 120 83 166
39 172 147 110
37 124 117 206
55 60 181 218
61 48 157 278
47 136 63 266
79 88 83 186
43 184 107 146
43 128 181 114
67 108 49 302
59 60 99 338
37 108 155 202
35 108 151 210
67 144 39 298
39 84 127 266
73 40 123 310
45 68 133 326
29 132 181 178
51 136 145 102
31 168 155 122
63 52 133 290
65 84 147 134
51 112 61 282
27 112 195 270
43 84 147 218
41 148 127 138
73 68 133 170
35 108 197 182
39 128 103 198
63 112 149 102
49 80 93 282
51 72 95 366
73 124 49 218
81 80 71 210
69 88 63 254
27 156 121 258
49 84 109 218
37 108 123 254
51 136 65 194
67 44 183 278
33 136 111 238
53 112 71 210
81 60 113 210
25 120 157 286
53 116 93 170
41 152 143 110
51 76 85 286
39 100 173 190
45 116 187 118
51 140 167 90
73 84 75 210
29 168 159 142
45 104 147 162
25 164 175 190
23 148 157 198
51 52 201 330
71 60 151 166
29 116 145 266
45 124 143 130
45 140 129 118
45 76 153 214
45 84 101 366
43 140 165 106
59 108 57 258
29 128 155 234
27 160 167 170
55 56 123 326
71 48 169 238
63 176 113 94
47 80 177 174
73 72 111 186
59 52 125 330
67 52 99 338
69 48 175 234
65 48 145 262
41 124 115 178
73 184 39 270
65 104 135 110
57 120 95 130
47 180 109 130
45 124 95 174
37 88 135 326
37 116 105 294
35 120 173 170
81 164 129 78
53 96 61 342
45 96 149 166
65 84 111 166
87 124 135 90
47 108 75 238
29 132 177 198
59 112 93 150
45 92 111 234
55 136 81 162
57 84 197 146
49 120 75 214
45 88 89 310
67 76 101 182
57 100 87 190
47 84 171 162
81 104 53 238
69 132 51 234
77 56 83 262
49 68 143 254
49 64 151 290
29 164 141 174
61 120 91 142
63 108 73 190
31 120 191 190
39 156 149 114
61 176 203 66
29 140 131 222
63 168 51 198
41 128 147 134
49 120 115 142
37 112 107 326
65 60 89 298
73 140 147 82
59 144 67 150
75 148 99 102
77 120 175 90
49 68 151 230
69 124 141 86
47 144 147 102
59 108 125 118
57 96 87 202
67 56 125 250
55 100 59 314
47 112 189 122
51 72 97 294
55 48 185 358
49 132 131 110
29 168 163 138
69 68 81 238
63 144 95 110
85 84 93 174
23 148 183 182
67 156 35 334
59 48 171 266
33 140 167 154
55 88 191 142
53 76 91 262
51 112 101 178
71 84 77 210
75 76 69 222
53 172 153 70
45 124 91 194
45 144 121 130
49 100 93 222
41 96 147 190
45 172 81 170
51 100 131 138
41 92 165 190
55 108 109 138
67 80 57 294
53 128 87 166
31 132 125 218
89 36 159 310
39 116 157 158
71 52 163 210
59 112 63 234
41 96 131 218
39 100 167 198
77 84 87 178
61 112 49 290
71 64 69 270
63 136 41 306
75 176 43 210
31 152 117 214
33 112 129 294
79 84 73 214
61 92 59 302
69 52 101 306
39 104 131 222
31 120 171 202
51 136 73 178
33 144 137 166
77 124 67 150
69 88 101 166
47 132 151 102
59 140 81 134
35 148 107 182
55 112 111 130
29 168 127 170
37 156 79 298
61 140 59 186
33 140 107 238
49 104 73 274
93 48 137 222
61 60 99 254
45 156 81 174
59 44 183 346
47 116 143 130
49 88 89 246
53 160 99 130
51 96 139 150
69 56 83 314
39 116 99 310
55 100 71 278
73 56 79 318
33 136 181 138
53 92 71 310
63 68 71 282
55 104 107 142
57 124 61 190
31 192 131 158
45 136 105 150
61 84 61 342
31 196 113 194
57 64 139 198
57 148 73 162
37 148 157 118
69 88 51 322
39 156 93 186
39 116 121 190
53 76 135 178
41 132 155 126
47 88 115 198
79 96 47 278
61 156 161 70
37 152 209 106
43 144 65 290
55 152 59 214
37 140 151 146
69 168 51 182
73 128 43 238
49 104 111 170
41 128 127 158
43 68 189 262
45 60 181 346
73 84 89 186
53 120 55 306
77 72 155 154
37 116 113 250
47 124 103 170
35 160 153 122
59 112 99 146
37 116 129 194
69 160 45 210
79 132 79 126
39 116 183 142
55 140 87 150
41 108 93 286
61 168 47 274
53 96 73 274
43 124 161 118
45 116 113 166
23 144 161 254
63 44 155 294
75 40 183 286
27 140 167 190
65 136 169 78
37 104 191 186
71 92 57 254
33 112 149 234
37 132 119 194
31 132 111 250
37 96 145 266
49 104 77 234
51 136 91 158
81 64 105 210
91 96 67 190
53 60 139 274
73 68 87 230
69 176 41 226
41 108 149 158
51 128 181 98
37 108 179 182
55 84 121 178
61 144 139 82
35 92 127 290
37 132 127 170
69 84 57 278
59 84 71 250
55 144 155 86
61 148 105 110
41 80 187 198
51 84 91 266
59 116 117 118
57 76 87 246
67 52 111 282
55 112 97 162
67 100 71 174
51 64 127 310
53 80 119 214
59 128 113 102
33 140 151 162
55 116 159 102
37 132 165 138
63 100 59 258
63 48 165 262
81 92 47 254
37 140 131 158
61 180 119 86
31 152 115 234
83 84 127 134
55 104 93 174
79 64 109 202
63 72 95 226
65 124 147 90
29 140 135 190
79 140 119 86
57 100 129 126
61 72 101 222
75 152 139 78
85 104 63 190
57 84 145 154
53 64 141 238
43 88 129 238
63 140 63 178
31 148 149 154
67 96 61 258
77 52 151 202
53 104 57 302
35 156 127 154
33 144 145 150
65 140 45 254
69 72 61 306
41 144 111 154
29 128 157 226
75 132 37 294
73 76 81 218
75 112 57 214
69 136 41 266
53 72 89 302
57 80 131 170
65 72 85 222
67 64 77 306
29 172 123 170
43 128 137 130
51 160 97 134
71 124 43 266
55 88 147 150
41 88 189 190
29 104 173 270
33 124 115 298
57 96 65 270
29 140 157 186
35 120 183 166
53 128 61 250
75 120 43 242
25 152 141 218
35 112 163 198
49 112 123 130
43 148 79 218
49 136 125 114
71 56 117 226
69 60 105 222
69 48 117 302
43 64 185 326
47 80 143 190
27 160 181 150
79 36 167 314
59 56 121 310
41 120 209 122
43 100 183 146
69 64 77 274
63 128 89 118
37 140 119 174
75 68 93 206
47 100 93 226
39 168 103 170
73 84 65 218
55 56 145 282
63 56 101 342
39 128 75 242
29 112 175 226
39 124 163 134
63 136 69 158
53 68 111 254
47 128 163 106
61 104 49 326
39 148 79 226
83 92 69 202
41 136 201 106
47 92 127 178
81 96 65 202
47 112 93 186
77 116 49 226
67 148 55 182
47 64 195 242
37 92 163 230
57 156 81 142
59 156 83 118
73 84 135 138
67 80 131 154
63 64 79 310
49 100 87 238
49 128 95 170
41 132 131 134
59 104 93 154
35 112 167 186
71 116 83 130
51 56 163 302
49 88 99 230
33 100 187 222
43 164 149 98
35 116 141 218
53 108 139 122
39 136 99 194
59 72 117 206
69 96 59 250
43 140 87 186
51 124 119 138
71 108 151 106
53 88 93 214
33 104 151 246
47 108 125 154
61 156 53 206
37 120 165 158
61 76 171 158
35 128 133 174
53 76 121 214
63 64 123 214
45 120 155 110
55 180 173 62
41 128 121 162
53 72 83 338
43 136 103 174
65 96 165 118
53 80 207 158
43 136 135 126
51 92 117 174
47 116 129 142
45 160 111 134
43 132 153 126
41 196 181 86
53 60 121 326
57 60 111 286
53 132 79 170
67 120 91 126
53 124 129 94
67 76 129 158
55 96 65 302
33 148 135 154
47 104 157 142
71 136 87 114
47 112 91 210
55 104 101 158
29 136 185 166
53 76 183 166
35 140 87 282
83 72 123 162
73 132 51 202
57 152 95 126
55 176 135 78
63 108 103 126
57 76 141 174
81 60 119 194
45 132 67 258
87 60 207 154
59 84 85 190
25 144 159 198
63 124 101 118
53 64 205 202
31 156 143 154
39 116 177 154
53 56 145 322
45 124 79 242
41 156 137 110
65 116 63 202
51 140 101 134
55 116 53 306
45 132 107 150
41 128 89 222
35 88 159 266
63 156 45 234
35 116 121 230
39 100 107 270
55 52 157 318
61 56 163 206
35 112 193 170
67 96 85 158
61 80 111 182
79 40 203 266
55 152 171 78
49 144 169 90
57 100 71 258
49 108 69 290
59 92 109 142
37 120 97 242
57 140 59 198
51 64 113 346
65 56 109 262
41 116 117 194
47 76 151 206
33 92 185 246
55 116 67 218
55 68 85 306
69 68 171 166
41 120 91 226
35 144 145 146
33 160 165 118
43 100 127 194
63 76 75 230
73 88 63 230
57 84 117 170
51 124 161 102
29 116 143 302
79 72 57 282
37 164 87 194
49 84 127 210
41 88 137 222
41 136 91 178
75 76 57 282
85 104 49 226
45 100 129 174
49 176 183 70
65 140 143 86
81 128 73 142
57 104 217 114
75 44 141 262
29 172 137 146
33 108 191 190
63 76 191 154
67 72 181 146
49 60 161 302
61 84 129 154
55 144 91 134
37 136 119 190
69 144 83 130
47 116 187 114
57 116 109 126
37 108 181 174
53 72 99 286
55 84 95 194
55 100 81 206
39 92 163 222
35 152 131 158
47 180 209 70
55 104 63 242
45 112 79 250
53 80 89 254
73 112 137 98
57 116 155 98
51 92 87 234
39 160 159 94
53 140 99 134
49 104 75 270
63 48 143 306
49 96 71 310
27 168 109 222
81 80 63 226
65 76 111 178
43 72 137 322
81 52 157 198
45 144 63 322
69 92 155 118
59 136 211 86
37 108 201 166
55 52 127 370
35 120 145 194
47 112 131 142
51 140 143 98
55 132 143 90
73 44 103 350
55 80 87 262
29 164 161 154
57 64 101 270
45 116 117 158
59 104 67 238
73 72 169 142
75 92 91 158
37 144 103 190
49 148 121 122
41 88 167 198
45 112 135 158
71 72 161 154
51 124 85 182
41 132 101 190
51 108 109 158
77 44 115 270
29 156 147 178
55 80 95 238
51 132 57 282
33 184 163 118
49 88 113 206
47 100 119 190
63 100 81 178
39 112 125 202
27 188 113 206
27 116 173 242
43 152 71 238
63 68 151 174
45 100 133 170
45 148 67 210
37 136 139 158
61 84 165 146
43 144 131 126
43 96 177 170
77 100 69 194
59 60 93 354
69 48 205 218
53 160 107 118
71 40 157 322
29 144 193 162
63 120 173 94
33 112 167 202
35 88 149 282
69 80 143 138
49 104 143 130
29 132 161 210
47 148 141 86
57 56 125 298
51 76 171 178
65 88 111 150
43 164 103 150
33 140 163 158
61 96 71 242
51 76 129 218
57 72 123 198
37 152 121 154
67 80 171 138
55 128 69 190
65 112 49 258
29 96 191 286
61 100 139 118
37 80 171 342
47 120 83 194
33 140 89 250
57 100 119 134
51 56 125 366
87 100 57 198
53 168 93 130
35 136 109 214
45 168 71 194
67 52 135 266
65 88 77 214
43 116 133 158
43 136 179 102
55 72 153 182
51 124 105 150
27 144 141 234
83 132 41 238
63 76 121 182
75 144 51 174
47 152 121 118
59 48 145 350
53 124 83 182
39 112 113 218
35 132 157 154
65 120 47 326
49 116 109 154
37 112 139 206
51 88 105 206
45 144 113 146
55 120 95 142
81 96 71 178
95 40 179 250
85 104 97 138
33 136 105 266
41 144 155 110
65 104 49 318
41 128 91 202
43 136 81 218
45 64 185 282
45 100 159 154
71 88 59 262
85 80 87 186
51 128 85 178
69 48 131 258
79 128 77 142
71 140 39 298
47 152 63 234
57 124 89 146
75 52 135 222
73 120 51 230
41 84 143 230
31 128 215 162
43 132 177 106
55 120 165 98
43 116 169 130
35 116 147 194
89 80 67 218
77 124 59 166
67 64 119 194
49 92 119 194
49 120 95 174
49 96 103 178
47 96 89 258
41 128 73 274
61 92 171 126
87 76 153 138
49 64 163 246
39 148 107 166
55 116 101 150
35 168 157 114
31 112 159 230
51 80 179 170
79 88 47 298
39 96 135 250
45 108 85 258
37 136 107 214
43 92 119 226
47 92 163 158
51 172 115 114
63 56 103 302
57 108 179 106
45 116 123 154
55 68 119 210
53 132 107 134
69 40 177 310
71 56 93 254
71 52 153 214
39 108 135 210
31 144 119 210
49 140 107 126
31 152 163 150
59 60 103 262
41 140 81 210
71 108 53 230
43 100 137 186
31 120 145 262
55 112 61 242
61 112 47 334
77 104 83 150
41 80 175 226
65 72 125 162
75 60 121 206
39 84 171 226
79 48 99 290
65 140 59 178
51 124 67 234
85 92 97 146
55 84 131 166
59 60 133 226
77 116 99 118
61 112 159 102
57 136 85 146
53 120 73 194
71 124 123 98
43 88 101 286
61 120 73 174
69 132 129 90
43 128 105 166
55 116 93 158
67 108 163 106
49 60 123 366
31 124 143 222
47 96 93 246
67 76 119 166
51 76 177 174
47 148 99 154
45 92 133 194
39 100 155 206
77 112 43 310
69 60 125 190
37 144 83 210
47 100 85 270
47 100 187 138
73 52 167 202
39 124 107 214
37 116 137 190
59 44 189 330
47 132 65 274
31 120 181 198
53 124 77 190
57 76 153 170
53 108 101 166
61 76 87 230
89 100 49 214
63 124 91 126
69 96 51 286
57 88 171 142
53 96 89 210
51 84 131 174
65 128 45 274
41 92 151 214
37 132 153 142
55 172 91 130
29 136 123 254
39 112 111 238
43 84 117 358
53 112 97 166
45 84 105 262
43 164 85 174
55 76 75 294
69 136 71 146
45 152 77 186
59 104 101 142
71 96 79 174
81 96 93 146
29 132 139 242
45 108 137 150
59 96 121 130
59 56 107 378
35 144 111 170
41 88 129 262
27 148 153 214
57 84 113 186
31 152 189 134
57 136 57 218
63 64 125 186
59 104 147 114
27 148 185 166
47 112 171 130
53 184 67 186
59 100 173 118
45 108 121 178
53 100 125 138
37 80 165 346
81 156 31 302
57 108 55 266
29 148 185 162
57 136 105 114
37 124 153 166
53 152 115 106
57 88 121 154
45 160 143 98
31 124 121 310
53 120 185 102
41 100 161 174
95 104 51 202
25 116 181 266
83 52 87 306
71 96 133 122
35 124 143 186
69 120 45 246
53 76 175 174
41 104 165 166
63 56 129 262
55 48 175 378
53 100 75 258
63 88 63 274
85 120 39 242
67 88 171 126
57 156 69 170
53 132 99 138
73 60 103 226
57 140 85 142
55 128 127 106
77 40 171 270
53 104 161 122
47 92 91 262
67 60 95 262
51 92 93 214
55 52 165 298
61 100 93 142
55 92 129 142
27 144 151 218
65 60 123 222
67 64 187 170
69 140 57 194
47 156 73 182
61 88 59 310
57 128 59 250
49 84 129 206
57 100 55 326
65 132 55 218
75 116 45 258
69 124 55 210
27 132 213 210
53 92 165 146
33 108 135 294
85 68 189 150
59 156 53 218
57 96 105 154
29 168 107 254
75 68 85 222
57 88 93 190
57 108 123 126
63 80 121 178
65 124 49 246
31 128 171 170
79 172 49 174
41 76 145 278
61 52 117 318
37 120 191 154
45 68 201 250
71 116 93 122
71 56 155 186
89 148 33 262
49 140 137 106
61 100 67 246
33 136 123 226
69 48 125 270
75 88 49 278
53 52 145 378
43 104 125 186
39 120 141 166
53 136 55 250
39 132 151 134
29 116 149 250
77 108 69 150
55 56 183 242
39 136 125 166
81 68 215 146
65 64 79 278
35 112 143 230
65 92 129 126
27 156 219 146
67 60 115 230
47 108 69 322
69 132 87 130
69 96 67 210
39 148 133 130
81 180 35 262
41 68 183 326
41 116 97 246
43 164 93 158
69 88 79 194
39 160 129 114
61 44 195 322
69 60 91 270
45 128 71 266
51 116 99 162
63 148 45 282
77 160 35 290
49 80 205 162
57 88 81 206
39 124 89 302
79 120 39 286
47 64 193 250
65 80 109 170
25 152 167 194
57 140 71 174
65 52 129 274
89 40 203 238
43 112 119 174
55 92 83 222
45 152 115 134
75 108 51 250
49 156 101 146
25 168 135 170
63 68 121 186
59 104 59 246
57 176 131 86
67 52 139 258
63 56 121 266
43 96 139 178
77 108 83 146
55 112 103 150
51 156 229 78
89 116 77 134
65 160 99 102
61 40 187 390
53 100 211 126
51 84 191 154
77 116 47 242
35 144 141 150
55 88 179 146
59 148 141 78
41 116 79 290
41 148 189 94
59 116 83 154
29 160 145 170
83 124 43 230
59 48 151 302
39 100 125 238
77 128 47 202
65 52 105 302
51 148 89 142
25 136 147 226
57 152 133 86
53 96 123 142
63 72 167 158
51 108 171 122
69 128 53 222
35 148 135 138
61 96 63 250
49 152 119 122
47 64 157 282
39 96 149 230
51 96 79 286
35 112 153 206
55 56 163 258
73 152 37 274
55 152 51 234
49 132 63 226
55 60 113 342
75 48 173 222
59 56 127 290
61 64 129 218
69 128 93 114
43 108 123 170
45 116 89 206
71 56 115 238
79 148 39 230
57 104 69 194
33 124 201 166
31 180 191 106
49 96 91 226
39 96 179 194
31 144 147 174
55 96 59 318
75 96 71 194
35 160 97 214
29 116 135 318
59 72 127 174
55 64 103 262
63 84 181 138
65 172 65 162
75 132 193 82
25 152 145 202
41 112 85 298
57 144 65 174
71 60 123 206
49 56 171 338
37 108 127 218
43 104 99 258
43 96 135 198
43 84 173 206
51 92 81 282
39 132 143 138
33 164 131 138
31 112 161 218
47 84 131 214
37 136 111 206
51 132 149 102
41 136 113 158
49 108 107 170
31 164 159 122
81 96 55 210
55 132 83 162
53 120 93 154
91 44 149 234
79 100 69 182
57 52 133 358
37 128 195 122
35 136 149 154
49 68 155 210
69 40 167 318
39 92 147 234
71 108 49 282
47 60 165 330
73 52 119 234
61 48 149 286
57 52 149 302
59 96 75 226
51 172 63 210
57 124 73 178
55 164 67 178
41 76 133 346
39 180 111 154
63 76 87 210
45 136 195 94
33 164 105 206
39 112 141 190
69 44 139 282
45 92 139 174
87 36 157 314
45 148 95 166
37 132 95 246
61 96 75 214
43 76 199 218
55 160 75 162
37 108 115 342
41 124 85 234
81 76 57 238
67 116 99 126
57 80 67 318
55 100 129 130
51 148 131 106
53 108 97 182
67 56 203 186
51 64 157 218
47 68 145 238
57 64 189 190
45 108 169 142
41 88 159 214
61 108 75 174
51 60 167 270
67 136 121 94
77 120 85 118
51 88 87 262
69 60 121 214
25 144 145 258
53 100 77 250
61 92 155 130
79 80 107 162
65 128 41 326
57 72 165 174
49 116 81 202
37 112 111 254
65 56 127 234
35 120 191 158
73 116 43 310
59 84 165 150
29 152 173 138
97 160 31 286
65 68 113 174
37 100 131 250
47 84 143 178
69 164 133 78
67 76 143 150
57 64 131 226
37 96 149 250
65 56 143 214
51 76 115 234
57 116 119 122
45 104 97 230
55 80 173 154
39 124 141 162
29 164 159 162
31 136 201 158
29 160 129 178
85 52 119 230
41 128 111 182
57 124 77 174
49 144 97 150
37 164 153 98
45 84 115 226
33 196 115 178
35 128 161 162
63 188 145 70
55 132 115 118
57 100 103 146
31 160 163 130
35 120 107 294
35 124 179 162
35 144 105 190
37 116 145 170
29 156 113 270
43 88 117 242
65 88 109 154
43 124 137 138
57 68 213 178
49 96 99 210
55 88 105 190
43 112 105 210
55 64 93 278
39 92 125 298
73 148 55 166
91 124 45 206
35 152 165 110
59 136 87 118
73 180 167 66
41 128 157 126
33 112 157 206
55 112 133 106
35 160 199 98
45 72 175 230
43 116 141 154
75 52 169 194
67 112 65 190
75 108 87 142
57 72 75 270
45 188 141 102
47 60 157 334
59 68 79 270
51 108 207 118
51 132 117 130
77 120 119 106
43 96 199 162
81 120 61 170
71 48 175 214
61 56 169 198
29 136 211 150
73 104 53 246
71 104 77 154
47 76 119 230
69 52 121 250
39 148 143 126
55 80 107 194
61 76 157 162
51 104 105 170
49 112 135 118
67 48 127 290
39 136 155 118
37 140 91 234
43 100 179 154
43 80 143 230
51 96 165 138
35 108 175 194
61 128 67 174
55 80 153 166
53 76 105 230
77 72 127 158
33 128 155 182
45 80 121 262
61 68 73 306
67 52 125 270
45 124 105 162
53 116 79 186
77 64 201 154
59 60 121 254
31 144 169 154
35 104 161 210
59 156 49 242
49 80 109 262
27 148 143 218
43 140 127 138
67 64 111 210
71 144 45 238
35 136 201 122
37 116 117 242
39 112 205 154
45 148 117 134
49 100 139 142
53 68 107 262
61 56 103 346
59 112 191 102
37 120 91 274
55 136 111 122
49 132 97 158
61 64 131 198
55 80 105 210
61 60 187 194
83 104 61 194
63 84 99 182
43 104 89 322
51 104 129 126
81 96 53 242
79 120 63 158
45 104 91 266
39 88 163 230
53 112 175 110
49 72 103 350
59 68 195 170
47 92 139 166
97 52 205 186
27 172 121 194
77 104 179 102
59 96 167 122
45 136 75 214
35 120 159 186
33 116 117 330
81 76 207 134
79 132 97 110
49 128 99 154
61 116 87 146
57 44 195 370
41 124 131 158
77 168 43 214
71 148 127 82
37 112 117 250
47 64 135 326
43 108 99 254
43 128 185 110
45 68 163 258
45 108 93 226
53 120 127 122
79 80 57 262
43 120 123 158
59 88 177 130
75 80 189 130
53 144 53 258
29 136 151 210
59 100 57 318
61 88 145 138
37 96 187 198
61 52 149 246
35 124 171 166
63 80 105 182
41 128 133 150
61 108 89 150
33 116 163 194
65 164 143 74
61 192 109 98
39 124 147 158
67 68 73 258
29 136 159 186
51 52 167 358
67 68 185 170
37 140 159 134
51 172 183 74
83 120 105 114
39 104 137 198
73 80 91 190
51 140 57 250
47 68 155 222
71 64 79 258
65 108 67 194
65 40 179 350
43 108 147 158
73 56 149 194
39 124 185 126
41 92 111 278
81 68 81 222
39 136 219 106
69 116 77 146
37 104 175 190
67 84 81 206
53 132 121 122
37 124 125 190
57 56 179 218
87 116 47 214
43 112 143 158
61 44 149 362
61 124 127 106
47 92 165 150
75 72 97 186
47 168 95 154
51 112 103 174
37 108 171 190
73 68 61 306
45 84 191 178
43 100 93 318
57 128 117 114
39 184 157 94
53 60 137 298
45 92 131 202
53 68 165 206
45 68 151 274
53 60 161 246
63 72 73 258
51 76 143 186
49 124 63 258
59 100 69 246
43 128 75 234
41 180 193 82
55 100 87 202
45 104 139 166
67 84 125 146
49 64 157 274
91 140 35 294
37 140 123 166
33 144 123 182
73 140 39 274
71 92 103 146
81 112 61 194
33 116 193 170
59 100 61 278
79 36 147 330
43 112 111 182
37 100 181 198
51 64 141 278
71 96 117 134
37 108 139 214
71 56 135 210
55 80 89 246
61 180 45 234
69 156 67 146
79 108 45 246
39 100 165 202
55 48 151 386
61 40 179 398
47 96 105 202
51 128 123 118
45 124 73 274
45 60 191 334
35 156 133 146
49 100 81 266
79 116 153 90
53 56 131 350
57 96 147 130
53 120 91 166
37 140 185 118
51 116 143 114
73 52 99 278
67 52 179 198
81 112 45 226
43 108 173 142
55 48 199 318
67 60 79 310
55 144 103 122
61 68 151 182
57 72 85 254
51 84 119 182
31 136 177 162
47 72 147 234
57 52 151 290
41 100 191 166
35 192 97 206
45 112 75 294
75 96 47 286
43 88 159 186
75 92 67 210
29 152 117 246
33 156 153 142
49 92 83 270
41 72 155 338
43 124 123 150
39 96 141 238
51 132 151 98
45 84 139 206
33 140 145 170
51 116 87 190
61 56 107 278
65 60 139 194
51 64 145 266
67 104 57 262
91 96 135 118
31 124 125 254
47 116 101 182
35 148 151 130
63 56 165 190
43 72 157 250
31 180 113 198
71 148 109 98
59 92 173 130
67 56 95 382
41 84 163 214
39 80 155 254
23 144 171 218
73 92 93 162
33 112 143 254
35 148 95 234
71 60 115 214
51 64 153 242
65 68 77 274
87 100 73 166
67 48 107 366
37 104 127 238
67 112 145 102
53 96 169 134
37 84 161 286
69 136 39 302
59 68 159 182
47 128 91 178
87 120 69 146
31 180 121 174
43 104 101 230
35 140 107 218
61 56 129 274
65 144 125 90
45 148 111 146
35 92 191 226
29 100 181 266
45 136 157 102
35 164 101 198
77 40 143 298
63 140 49 218
85 84 101 158
33 120 175 174
79 96 69 202
49 132 61 290
39 92 139 242
51 96 101 186
41 100 99 266
43 80 119 314
43 72 169 238
63 124 89 138
87 152 165 74
77 136 71 142
37 164 135 130
69 52 177 218
75 140 117 94
33 152 159 122
31 104 147 290
33 172 117 182
67 136 59 154
75 56 165 174
39 140 97 210
53 72 115 234
43 108 97 258
53 64 119 278
81 76 155 142
61 108 67 210
51 84 145 166
51 128 93 142
51 148 139 86
55 72 111 222
61 92 117 138
57 72 135 186
43 136 129 138
69 108 109 122
51 60 183 254
51 144 157 86
31 140 169 174
45 88 101 254
59 140 51 266
43 68 169 310
31 96 149 258
63 96 173 118
47 116 121 150
41 96 155 182
75 76 61 238
51 68 179 190
81 52 93 266
27 140 139 262
55 56 181 250
67 104 61 222
73 48 127 258
27 144 209 182
43 76 127 246
45 112 151 134
37 144 111 162
63 104 103 134
49 56 159 366
51 88 167 154
59 152 51 226
35 176 99 210
65 44 141 306
45 156 89 158
65 108 61 234
37 148 95 182
31 144 191 138
77 68 71 254
55 160 49 242
31 108 183 210
79 144 67 138
71 144 51 214
43 112 165 138
57 92 125 150
85 64 179 154
57 96 75 234
35 128 163 158
75 144 47 218
31 116 123 278
59 88 129 150
63 116 65 210
55 132 95 138
85 132 41 206
95 120 41 218
55 76 73 318
71 56 103 242
69 108 65 214
41 172 209 86
61 96 55 266
47 104 85 222
63 60 125 198
53 52 195 302
69 52 157 230
57 68 167 182
55 100 77 230
51 60 155 290
65 60 121 234
27 120 163 222
37 140 105 190
75 48 149 230
63 116 71 182
33 132 109 258
47 68 117 286
77 48 143 218
37 148 147 126
55 120 123 110
47 132 99 170
53 136 121 118
31 156 101 226
43 72 149 254
67 140 85 130
63 40 173 358
27 152 177 162
81 40 173 262
43 120 163 118
51 88 181 150
39 116 137 186
73 104 199 106
79 152 133 78
41 96 143 198
53 100 161 130
37 120 111 210
45 76 119 310
61 112 53 266
59 116 57 250
51 84 93 230
53 80 97 230
71 144 55 202
49 56 147 382
47 120 107 146
33 132 139 178
65 156 41 282
35 160 121 154
39 104 103 246
37 116 169 166
53 96 107 166
41 160 85 194
69 56 159 194
43 112 145 150
41 152 89 174
57 124 113 122
55 100 57 350
65 152 75 146
41 140 173 106
47 140 117 134
69 140 149 82
55 136 55 226
65 108 89 142
65 72 67 230
83 52 99 242
67 88 79 198
85 60 231 162
69 120 55 222
53 92 171 138
31 176 105 210
67 132 47 246
65 116 69 178
65 112 71 178
49 132 77 178
73 52 109 262
35 136 171 134
71 44 205 262
33 100 161 242
53 84 111 190
37 140 109 178
43 196 83 206
55 128 147 90
65 96 109 138
59 84 103 182
35 168 121 146
35 144 175 130
39 136 147 126
57 108 87 158
83 112 75 146
51 60 143 306
57 68 147 194
47 136 125 118
57 60 103 346
63 56 155 218
27 168 213 142
37 144 185 114
61 96 83 174
55 116 89 166
69 76 171 146
79 48 135 226
71 76 79 226
49 60 191 250
53 156 209 74
45 120 137 134
89 120 53 198
57 72 103 214
43 72 135 346
61 116 103 126
57 80 85 242
59 140 131 90
83 116 39 286
73 84 53 270
51 76 197 166
43 124 117 162
45 100 95 258
67 104 59 242
41 112 153 150
53 88 179 150
33 128 113 318
45 84 133 218
45 120 153 114
57 184 151 70
55 60 133 238
49 152 81 162
81 96 69 198
29 128 165 210
61 112 65 230
45 132 77 222
75 52 95 274
49 84 107 234
41 112 89 250
51 64 155 222
91 52 149 194
53 140 121 114
57 128 91 142
65 132 47 266
67 172 175 66
49 96 141 150
67 116 49 238
57 100 145 122
35 124 101 222
37 84 173 230
45 120 113 162
33 112 137 266
65 116 55 234
73 164 35 290
43 100 153 162
43 128 129 142
39 84 147 246
45 68 139 322
63 72 69 310
69 48 101 338
27 152 123 194
51 80 105 230
39 124 117 170
75 108 97 130
63 104 61 238
45 100 165 150
73 132 65 150
73 84 51 322
41 104 97 298
59 72 199 158
43 120 157 126
51 80 97 262
61 92 97 158
55 132 61 210
63 72 165 170
25 164 149 198
73 132 81 130
53 148 97 138
29 108 163 298
65 88 101 170
69 68 139 170
49 80 89 286
51 124 57 310
45 148 97 158
29 128 145 250
87 92 109 138
27 136 163 210
39 124 139 166
71 68 151 158
63 104 125 114
65 120 83 134
49 80 145 186
53 84 97 222
55 112 93 170
41 100 133 206
39 92 133 258
53 140 53 306
39 96 115 374
65 76 155 158
57 108 129 122
33 116 171 182
61 112 109 110
47 124 135 118
37 132 137 166
43 100 125 198
33 140 215 130
83 108 53 218
57 48 207 302
57 92 95 178
61 44 141 370
41 152 97 158
67 80 113 158
47 92 95 246
35 108 159 206
75 140 77 126
67 88 53 306
55 108 195 110
31 144 105 270
77 60 95 238
37 80 183 278
49 112 87 214
71 148 51 174
51 76 111 246
39 96 185 186
49 128 157 102
33 112 187 198
61 120 79 170
73 44 199 238
27 140 133 314
31 160 117 190
29 160 181 134
41 124 139 142
45 140 89 182
75 148 167 74
59 84 109 178
59 100 95 166
57 72 121 206
45 124 113 158
39 132 109 174
27 136 141 262
75 88 159 122
33 112 123 298
53 164 61 202
73 100 55 234
63 72 113 198
49 68 139 258
75 108 155 102
85 40 167 270
51 52 155 386
39 76 177 246
61 72 77 234
63 92 93 170
37 160 103 174
57 84 121 166
45 64 151 358
55 64 131 250
63 44 135 330
57 76 109 202
67 80 95 202
69 152 101 102
45 128 117 154
51 84 103 214
49 72 113 270
59 88 131 142
51 108 125 138
63 64 169 174
61 128 65 182
63 112 75 158
67 84 93 182
49 132 127 114
27 124 139 298
39 160 101 174
51 148 81 162
31 128 159 186
55 84 83 246
37 144 133 146
47 124 169 106
53 72 103 282
51 172 137 86
67 96 101 146
41 120 139 162
49 136 61 282
73 104 65 202
49 88 111 210
77 100 75 166
73 136 125 86
35 124 155 178
51 64 121 330
55 92 73 250
39 152 129 138
49 128 137 114
63 104 85 166
49 64 137 298
61 68 93 230
25 140 161 210
37 88 177 206
61 152 43 342
29 124 147 250
45 136 87 194
87 40 149 290
57 132 111 98
47 132 129 122
31 140 119 230
69 160 37 290
43 100 111 202
37 176 107 170
59 84 113 174
59 52 185 242
87 80 105 166
55 84 73 294
83 140 159 78
63 56 99 378
61 60 87 318
67 40 173 346
77 116 43 286
77 100 49 270
71 68 63 290
35 92 183 234
55 60 143 222
75 80 123 154
53 52 169 330
45 132 87 206
43 144 119 142
53 96 193 130
55 100 73 246
63 60 97 302
79 100 61 202
59 112 51 274
51 180 211 66
33 100 171 238
37 124 133 186
65 128 53 226
49 60 153 314
59 80 73 230
35 124 169 174
47 128 131 118
75 132 121 94
83 76 141 150
47 96 155 146
63 48 127 342
53 68 141 214
41 156 117 138
79 92 55 230
47 124 67 314
61 100 89 166
71 104 67 162
53 132 175 90
67 128 55 206
53 64 111 286
77 68 177 154
53 124 107 138
69 76 173 138
61 76 147 170
81 136 51 186
35 120 185 162
59 84 189 146
61 116 81 170
69 128 137 86
35 140 135 162
67 88 93 178
45 88 93 262
27 140 157 206
65 120 55 230
59 64 87 282
57 56 145 274
43 72 145 278
47 116 113 158
41 100 113 226
63 88 145 134
39 100 141 210
59 144 119 94
41 80 131 242
53 136 147 90
45 100 101 226
55 76 129 190
25 140 187 194
59 100 77 214
37 84 157 318
79 52 131 206
53 84 107 206
61 84 127 158
37 84 165 258
43 132 89 186
39 128 173 126
85 104 53 202
33 124 147 186
61 156 51 218
83 120 51 210
37 140 97 226
53 112 79 194
43 120 109 182
57 88 79 226
41 92 115 230
63 80 155 142
77 72 93 194
65 140 77 146
49 140 77 170
47 60 177 318
45 144 117 142
79 112 65 186
55 76 81 270
49 80 155 178
51 56 149 354
75 160 39 270
75 72 107 182
45 124 181 106
47 92 105 230
59 164 129 90
89 144 39 222
39 148 113 146
39 120 95 250
55 104 75 222
69 88 67 214
57 92 59 310
57 80 145 166
87 44 213 218
43 116 111 178
107 48 199 206
61 80 133 166
53 64 137 270
43 152 93 170
43 68 157 338
43 132 159 114
31 148 137 182
63 132 79 142
35 116 151 190
35 84 157 338
31 152 215 130
57 88 115 162
59 68 143 194
43 120 187 114
57 76 89 222
57 160 89 130
67 120 53 230
41 148 161 98
33 112 133 282
45 80 155 186
91 108 55 190
45 164 113 122
55 112 51 326
67 72 87 206
59 72 71 282
63 144 79 138
75 80 133 142
73 92 59 246
53 56 151 310
77 68 107 178
45 88 167 178
59 96 83 198
75 100 177 106
49 72 115 250
69 60 149 182
67 88 71 206
51 112 77 202
31 104 157 254
39 132 181 110
35 132 149 166
55 152 49 290
65 112 87 134
45 64 161 314
69 56 111 250
29 152 121 226
51 124 113 142
81 40 165 282
45 120 99 178
49 144 85 154
39 124 113 194
53 88 141 158
43 96 101 266
27 152 159 174
43 108 129 166
47 72 159 190
59 92 131 138
35 148 165 118
53 148 101 130
61 164 41 298
79 44 143 250
75 84 153 126
59 80 119 182
39 160 127 138
55 132 57 234
59 128 57 198
53 84 173 154
27 136 175 206
49 116 155 114
53 108 65 234
51 116 121 134
61 52 135 274
51 72 197 186
53 68 99 318
47 80 129 222
29 124 191 190
79 80 91 186
57 76 119 198
37 148 87 198
61 84 119 162
73 108 65 198
51 180 57 230
55 168 165 78
43 104 97 286
53 88 81 270
39 152 155 102
51 68 115 246
75 148 103 98
45 116 107 190
45 80 199 182
57 44 203 362
55 132 87 154
51 96 201 134
49 164 89 138
37 96 157 222
73 156 135 78
53 52 155 366
61 72 171 170
55 124 59 274
51 116 73 214
69 108 51 266
55 52 167 294
71 108 61 214
75 116 55 222
69 52 125 234
33 160 127 162
63 132 49 266
55 96 119 154
59 48 149 326
27 164 149 182
77 68 141 166
53 128 179 90
55 128 55 274
27 108 185 278
35 112 145 214
33 104 179 202
63 164 55 202
29 148 143 186
33 160 135 138
33 128 167 170
39 120 93 270
47 80 135 214
93 40 177 254
65 48 127 318
75 92 89 170
59 112 67 230
47 108 73 266
43 116 109 198
41 116 99 230
35 160 129 146
57 92 67 294
67 48 147 254
27 152 185 158
75 108 57 226
59 88 63 290
55 116 59 298
45 88 103 246
75 40 153 294
89 52 227 186
71 84 119 146
45 120 133 138
77 88 57 262
79 40 139 306
41 144 107 166
43 116 117 174
31 144 177 150
71 80 159 134
63 68 141 182
35 128 185 150
33 124 137 214
57 116 87 150
43 136 147 110
37 84 143 354
53 52 193 310
85 52 189 190
73 132 39 302
47 84 115 218
55 108 71 194
39 124 99 226
61 80 69 246
27 176 221 138
41 140 149 114
75 120 127 102
67 100 65 238
29 124 195 186
41 96 109 282
59 84 63 326
45 160 121 114
63 60 123 242
59 116 97 134
71 148 115 86
43 120 193 110
55 144 85 138
51 88 123 178
63 64 85 238
55 120 87 162
51 124 87 178
35 124 121 202
65 44 183 290
83 140 95 102
57 52 165 258
39 188 195 86
65 80 141 154
59 160 181 70
71 44 119 294
45 104 213 134
89 116 39 230
29 132 147 226
57 56 139 290
69 80 107 166
75 116 59 182
65 184 41 242
53 112 113 126
39 108 147 190
43 72 129 366
37 132 191 126
51 76 135 206
65 52 123 294
65 48 131 306
87 64 105 206
37 136 141 154
43 144 133 122
67 60 147 190
51 64 135 286
43 120 135 146
37 120 197 138
85 92 119 134
49 148 67 194
53 72 145 198
53 80 87 270
29 180 107 234
69 48 153 242
71 116 129 102
69 116 57 210
45 108 175 134
53 104 99 186
79 96 51 246
69 52 111 266
37 104 171 198
41 100 153 186
29 148 119 318
67 68 101 190
63 128 149 86
73 60 87 262
61 112 97 138
45 100 111 194
85 120 119 102
77 176 63 146
75 68 143 166
51 68 145 218
73 80 141 146
51 100 71 282
75 92 51 254
53 112 95 170
37 108 159 194
65 48 201 234
43 148 151 94
63 84 129 150
37 128 167 142
57 48 187 326
79 56 103 238
75 104 149 106
61 80 173 150
39 80 149 258
43 156 125 118
53 100 101 182
83 136 163 82
63 116 73 150
47 156 81 166
53 60 157 254
37 116 107 258
31 156 125 170
49 104 167 126
41 188 201 78
29 120 141 298
33 128 161 178
27 148 125 266
67 128 69 162
83 60 75 258
59 52 131 306
37 80 187 250
75 156 57 158
45 152 167 86
47 64 159 278
45 120 151 122
31 156 163 138
59 104 113 122
43 144 121 138
41 148 147 110
65 80 145 150
45 148 89 174
43 128 87 222
59 96 101 158
61 156 57 194
75 68 197 150
73 108 173 102
47 80 111 246
71 56 131 218
57 84 93 214
77 112 45 258
49 76 115 246
45 140 101 158
59 84 129 158
35 168 147 122
73 112 45 290
35 140 163 138
59 68 145 186
67 72 63 290
57 108 113 134
69 172 111 90
63 108 65 226
35 92 137 274
59 88 87 182
61 96 77 198
41 76 153 234
69 76 97 178
63 76 67 254
33 120 129 226
55 140 79 162
77 100 59 210
27 172 127 190
55 116 107 138
43 128 119 146
51 124 65 242
43 144 71 258
57 116 61 222
31 120 165 214
77 84 97 170
59 108 53 282
41 160 211 90
63 52 143 262
49 100 173 134
35 120 123 222
39 128 177 118
49 144 135 102
61 68 117 198
69 40 159 350
55 116 131 122
25 156 151 194
59 144 153 86
35 132 173 146
35 88 155 278
35 172 183 106
85 120 43 218
65 56 137 222
77 80 145 134
33 96 141 322
59 80 97 190
37 100 129 258
67 144 151 78
51 164 105 122
59 76 67 262
39 92 187 198
27 148 121 286
65 124 103 102
71 124 71 146
53 76 97 238
39 96 153 226
47 80 115 234
39 140 145 130
55 128 75 186
49 92 105 222
39 108 169 158
27 148 169 182
71 96 69 206
41 92 197 182
35 104 153 218
45 116 77 258
37 88 165 234
31 104 179 238
63 64 165 182
49 132 91 170
59 116 127 114
49 176 61 234
45 116 93 202
47 96 99 234
37 116 205 154
57 148 75 150
43 116 107 202
57 88 105 170
49 148 75 178
47 148 71 186
31 148 109 258
47 68 127 262
43 140 95 170
71 96 77 182
55 104 77 182
73 172 87 106
51 188 179 70
43 128 107 162
55 96 81 218
49 128 187 94
45 144 149 102
57 64 109 238
53 112 87 174
49 112 77 218
87 56 105 230
59 96 71 246
59 80 205 150
57 48 179 330
59 44 175 382
31 100 181 234
53 124 63 242
67 148 75 122
69 124 57 202
63 96 139 126
41 104 187 150
87 144 125 82
69 100 111 130
79 136 53 186
73 80 61 246
51 104 63 250
75 92 59 238
53 156 53 234
47 132 171 98
55 76 169 166
27 172 135 162
77 132 37 258
61 60 139 222
33 124 163 178
45 112 99 210
75 44 169 234
41 100 205 154
41 92 153 210
65 100 129 114
67 56 135 222
31 176 115 186
55 136 89 150
63 52 129 294
55 72 91 258
47 156 87 162
79 80 185 130
65 76 83 214
41 164 109 154
65 124 57 210
51 60 187 238
53 88 119 170
47 108 79 234
37 104 119 266
73 100 49 286
69 132 67 162
41 176 125 122
55 96 85 206
53 96 83 242
49 144 129 110
69 84 107 162
47 100 181 142
53 176 57 218
49 92 147 150
59 56 135 282
81 104 85 146
51 152 59 226
55 132 91 146
61 88 73 218
63 116 141 98
63 108 81 150
37 136 103 218
43 112 177 126
43 136 73 234
41 148 99 170
71 56 81 318
75 64 187 158
89 48 203 198
77 88 103 158
73 96 137 118
65 100 79 162
51 120 131 118
73 100 87 146
71 112 61 202
47 104 175 130
35 96 173 202
65 92 57 326
25 132 177 226
73 172 137 74
69 68 97 202
45 92 115 206
33 148 129 162
41 132 161 114
35 164 163 118
63 132 45 290
33 132 105 302
49 68 171 206
49 100 125 158
41 104 127 210
63 92 79 194
45 168 131 106
75 156 67 142
55 152 95 130
29 152 161 166
53 156 105 126
61 132 81 134
59 128 47 282
81 40 193 254
59 112 73 182
49 100 141 138
39 116 141 170
41 168 103 154
33 132 161 174
31 148 117 242
49 84 99 254
53 80 109 218
73 116 133 98
65 84 83 198
67 56 97 306
79 120 47 222
47 56 187 354
47 136 91 162
75 140 41 238
51 160 83 154
57 104 97 154
75 48 129 242
55 80 103 214
69 80 89 198
45 132 203 98
57 160 155 82
27 104 187 274
43 108 77 266
63 52 145 242
49 84 139 182
51 80 153 182
77 136 75 134
31 124 159 218
69 84 53 302
47 80 175 178
49 196 65 218
57 100 191 118
77 168 139 74
75 80 57 270
53 124 87 170
35 88 165 262
71 140 35 310
61 72 187 162
71 164 47 190
71 88 55 274
51 60 123 342
71 52 127 226
65 52 127 286
53 156 77 162
63 96 145 122
49 92 77 318
55 124 81 166
63 68 79 242
81 112 83 142
35 128 115 206
43 108 117 194
59 100 75 222
61 152 109 102
45 140 79 202
93 44 169 230
35 124 195 150
69 96 93 154
39 112 153 170
61 84 83 206
65 88 117 138
41 132 77 226
33 132 165 162
29 104 157 342
75 84 101 166
39 108 95 322
69 144 43 262
33 96 175 226
57 120 133 98
55 92 87 206
57 68 85 274
43 84 125 270
51 144 113 122
81 160 33 290
85 92 57 222
37 112 155 182
53 140 109 118
59 80 65 334
83 88 89 166
73 44 115 286
49 96 81 294
43 116 149 138
45 96 123 198
41 108 109 214
53 68 127 238
63 156 123 82
67 148 47 218
61 64 167 182
39 176 177 90
47 128 101 170
53 160 95 134
57 148 101 114
53 72 125 218
35 112 127 270
71 124 47 230
39 120 131 178
37 164 109 170
53 64 199 214
61 124 101 126
73 92 75 182
63 76 113 186
43 80 151 214
77 88 111 142
45 132 101 162
69 56 119 246
83 44 211 230
33 104 143 282
37 164 125 150
59 56 117 334
33 84 177 330
49 84 157 162
69 156 37 298
65 76 105 194
45 128 143 110
59 100 71 242
47 108 149 142
67 136 131 90
63 128 85 142
57 120 73 182
73 76 105 174
53 96 63 306
39 156 81 222
41 80 179 214
75 96 171 110
67 120 67 182
63 52 195 210
49 124 69 230
67 64 79 274
71 148 57 170
55 84 151 162
61 84 103 174
63 100 51 274
81 116 67 158
45 88 179 158
69 76 109 174
39 88 171 214
37 168 147 114
51 72 119 222
29 156 157 166
85 88 183 118
79 88 151 126
55 92 99 170
35 128 93 298
47 128 105 158
41 124 201 118
39 144 101 190
69 124 41 326
49 112 69 282
37 152 131 138
65 108 95 138
25 128 201 226
47 136 101 150
41 156 123 130
43 124 155 134
35 144 155 138
71 88 95 170
49 128 107 138
29 148 153 178
51 96 115 166
63 84 121 158
45 116 139 134
79 96 107 130
51 128 67 194
51 100 97 202
39 120 153 150
69 44 129 290
35 84 177 270
41 116 85 274
53 60 149 262
81 72 153 150
51 124 99 154
35 180 119 162
49 64 121 342
39 104 153 182
51 140 83 162
25 124 169 230
61 80 197 146
57 128 121 110
45 104 105 194
65 140 67 154
77 92 63 226
37 92 135 282
31 172 117 186
27 164 157 178
49 60 163 290
45 64 171 310
59 100 91 174
37 112 173 166
45 120 121 142
67 132 41 282
57 76 195 162
47 76 137 226
49 124 67 254
25 168 131 202
37 176 171 94
51 80 121 214
65 140 43 290
65 84 143 142
61 120 81 150
79 88 107 154
49 100 65 342
53 80 131 198
57 48 153 358
69 64 69 290
43 108 163 146
79 60 113 218
45 104 167 146
59 112 83 166
77 148 59 150
35 140 179 130
59 80 145 158
47 116 131 138
37 148 217 110
47 96 109 198
37 100 193 170
63 160 39 322
83 144 35 242
61 76 95 206
71 72 139 158
31 160 113 210
49 56 161 350
53 88 85 222
57 72 73 306
71 112 63 194
49 132 69 186
79 80 61 230
81 136 45 194
47 120 135 134
61 60 143 214
55 72 97 238
53 136 85 162
39 128 95 218
63 84 61 282
77 100 63 206
55 132 105 126
57 68 131 198
31 148 223 134
43 116 91 234
47 64 147 306
57 52 147 318
59 120 77 174
39 140 115 150
39 144 167 102
83 36 175 298
55 120 117 118
43 68 179 274
57 152 161 78
41 92 181 186
83 84 95 174
85 88 65 214
43 80 157 210
39 72 195 334
71 100 163 110
71 52 99 326
55 164 81 138
49 80 117 226
73 96 63 214
53 96 71 290
73 88 59 254
57 104 57 294
57 84 105 190
49 76 127 222
41 100 137 198
63 52 107 306
75 48 193 210
31 132 157 194
85 76 141 146
71 148 41 254
49 152 73 170
53 148 157 82
67 88 133 130
27 128 153 250
73 52 83 314
47 136 115 142
33 120 141 202
47 60 147 378
63 100 67 198
41 92 123 222
49 96 101 206
43 64 179 346
61 84 109 170
29 168 167 114
69 96 161 114
67 60 87 294
51 168 197 78
49 108 111 150
33 104 139 354
65 52 159 222
71 48 139 242
45 88 129 222
55 80 143 174
47 64 127 346
63 48 107 378
31 112 173 202
61 132 45 298
37 120 137 178
73 52 193 194
45 100 157 158
43 68 159 314
31 152 169 146
65 76 99 198
53 56 161 286
55 68 117 238
81 112 171 94
59 96 93 174
67 108 53 258
77 88 89 174
73 68 65 282
77 160 31 302
79 116 79 134
49 116 119 146
47 116 109 166
55 64 87 310
47 120 139 130
77 104 57 230
53 64 147 222
37 112 149 198
75 100 85 150
57 132 103 126
61 44 207 314
59 72 121 186
41 124 177 126
33 120 123 246
57 68 165 186
83 112 85 134
53 56 191 250
57 136 77 158
55 76 111 214
79 156 155 74
51 108 81 198
75 104 99 138
43 116 95 230
63 116 95 138
55 100 91 178
65 64 135 174
51 120 85 186
49 64 161 250
63 72 101 218
37 152 153 118
35 120 115 238
