752
25 116 181 266
27 104 187 274
33 88 155 338
31 96 149 258
43 72 129 366
39 84 127 266
35 92 127 290
33 132 191 138
49 56 147 382
33 84 177 330
31 92 171 250
51 52 167 358
35 96 173 202
37 100 193 170
37 88 177 206
41 80 187 198
55 48 151 386
37 116 145 170
31 124 167 178
33 128 187 146
25 120 157 286
27 120 163 222
31 116 123 278
29 116 135 318
23 136 163 222
25 124 169 230
23 148 183 182
29 140 135 190
23 148 157 198
27 148 211 150
29 136 211 150
71 148 115 86
73 172 87 106
81 164 129 78
73 136 125 86
79 140 119 86
65 124 103 102
87 144 125 82
83 140 95 102
67 148 75 122
77 120 85 118
67 136 59 154
77 108 69 150
77 148 59 150
85 92 97 146
81 76 89 182
71 76 83 194
71 120 57 178
71 104 67 162
59 128 57 198
57 124 61 190
37 156 79 298
25 156 125 266
25 148 127 234
27 168 109 222
33 140 89 250
27 188 113 206
27 152 123 194
39 180 215 78
63 188 145 70
71 192 151 66
69 160 45 210
69 176 41 226
61 180 45 234
53 172 153 70
55 176 135 78
61 180 119 86
63 156 123 82
65 180 95 102
55 180 173 62
31 180 191 106
51 128 93 142
47 120 107 146
47 148 141 86
49 152 123 94
57 132 111 98
79 152 133 78
59 156 83 118
59 136 87 118
75 144 51 174
71 148 51 174
71 164 47 190
63 168 51 198
59 144 67 150
59 124 71 150
39 144 167 102
41 104 135 174
55 104 77 182
41 116 119 166
39 160 159 94
49 164 57 258
43 144 65 290
65 184 41 242
57 188 45 250
39 140 115 150
37 148 87 198
35 124 101 222
41 136 91 178
37 144 83 210
45 148 67 210
39 128 75 242
43 148 67 250
55 152 51 234
55 136 55 226
63 140 49 218
63 156 45 234
55 160 49 242
47 128 67 202
49 132 69 186
37 148 95 182
37 164 87 194
41 152 97 158
45 168 71 194
29 168 167 114
31 164 143 130
25 168 135 170
33 140 109 186
33 164 131 138
35 144 111 170
29 172 123 170
33 152 159 122
35 148 135 138
37 164 153 98
39 160 129 114
29 172 137 146
49 164 89 138
45 172 81 170
47 148 71 186
49 152 73 170
35 160 199 98
43 164 167 82
45 172 187 74
79 172 49 174
43 108 77 266
57 104 69 194
41 148 189 94
45 136 195 94
53 156 209 74
69 152 171 70
69 84 53 302
67 80 57 294
69 88 51 322
69 72 61 306
73 84 51 322
61 68 73 306
73 68 61 306
63 160 39 322
53 96 61 342
67 156 35 334
97 160 31 286
89 148 33 262
77 160 31 302
81 156 31 302
83 144 35 242
51 76 75 302
67 84 55 286
75 88 49 278
65 80 59 278
59 76 67 262
73 84 53 270
55 64 87 310
95 120 41 218
85 132 41 206
95 104 51 202
63 48 107 378
77 48 95 310
73 44 103 350
83 60 75 258
73 52 83 314
77 56 83 262
57 76 89 222
59 80 73 230
81 112 45 226
83 116 39 286
75 92 47 298
59 72 71 282
61 72 77 234
57 72 75 270
79 88 47 298
81 92 47 254
71 68 63 290
71 64 69 270
63 68 71 282
65 72 67 230
79 72 57 282
81 76 57 238
69 64 69 290
89 116 39 230
89 100 49 214
55 148 47 330
65 164 37 314
61 164 41 298
63 128 43 298
59 128 47 282
59 112 51 274
63 136 41 306
67 116 45 266
67 132 41 282
59 136 45 290
51 104 63 250
69 120 45 246
67 116 49 238
57 108 49 326
57 116 47 334
57 92 59 310
55 112 51 326
53 104 57 302
49 100 65 342
63 100 51 274
61 96 55 266
71 140 35 310
77 132 37 258
75 136 35 310
77 124 39 250
43 68 189 262
59 44 189 330
51 52 201 330
49 60 191 250
57 52 189 250
55 48 199 318
57 44 203 362
57 56 179 218
47 68 189 210
61 48 179 250
65 48 201 234
69 48 205 218
59 48 171 266
51 56 183 266
63 52 195 210
49 60 177 258
87 44 213 218
77 48 207 202
75 100 177 106
87 60 207 154
83 64 193 146
59 72 199 158
71 72 183 142
69 76 173 138
73 72 169 142
75 96 171 110
69 92 155 118
63 40 173 358
61 40 187 390
63 44 155 294
23 156 191 178
79 116 153 90
73 112 137 98
77 80 145 134
85 88 183 118
75 84 153 126
41 80 131 242
41 72 203 254
37 76 203 334
47 56 187 354
43 64 179 346
45 60 181 346
45 60 191 334
43 64 185 326
39 76 177 246
47 60 157 334
43 72 149 254
41 76 153 234
55 68 119 210
59 64 107 222
55 60 115 262
47 68 127 262
55 60 143 222
47 68 155 222
45 80 155 186
57 60 149 198
47 72 159 190
65 64 135 174
53 128 179 90
65 84 147 134
69 80 143 138
71 48 175 214
59 56 143 222
61 56 169 198
67 52 179 198
63 56 165 190
53 68 175 182
75 56 165 174
63 60 125 198
71 60 151 166
59 104 113 122
53 104 115 134
65 100 129 114
69 124 141 86
61 112 109 110
61 100 93 142
65 88 117 138
63 44 135 330
77 48 143 218
79 52 131 206
69 60 125 190
59 92 109 142
53 76 135 178
65 68 113 174
25 168 221 154
51 76 197 166
87 76 153 138
89 48 203 198
47 84 171 162
65 92 129 126
83 84 127 134
79 96 107 130
91 52 149 194
83 52 99 242
77 48 107 246
73 44 115 286
59 96 121 130
65 72 125 162
81 84 115 142
77 68 107 178
71 64 115 182
61 68 103 202
65 64 91 214
61 60 99 254
49 80 205 162
57 108 179 106
67 72 181 146
59 88 177 130
73 44 199 238
77 40 171 270
81 40 193 254
59 104 159 110
57 116 155 98
61 40 179 398
73 36 161 338
89 36 159 310
83 36 175 298
87 36 197 282
79 36 167 314
79 36 147 330
89 40 203 238
95 36 207 266
59 148 141 78
61 156 161 70
65 136 169 78
31 88 197 366
29 96 191 286
51 52 155 402
49 60 123 366
51 56 125 366
47 68 117 286
45 72 121 266
51 68 115 246
43 76 127 246
41 92 115 230
63 52 107 306
67 48 109 310
75 48 101 270
39 132 181 110
59 52 111 342
45 84 115 226
47 76 119 230
55 64 93 278
47 72 105 278
45 88 93 262
69 56 87 278
63 64 85 238
47 88 115 198
49 112 177 110
43 120 193 110
45 88 179 158
49 128 187 94
55 96 151 126
75 44 169 234
45 128 143 110
49 112 123 130
55 112 133 106
49 112 135 118
53 124 129 94
53 112 113 126
63 128 89 118
63 116 73 150
61 44 141 370
91 44 149 234
77 44 115 270
81 40 173 262
73 40 123 310
45 120 155 110
39 128 177 118
47 100 127 150
51 104 129 126
49 92 131 154
49 96 103 178
53 100 105 154
51 88 107 182
53 92 91 190
55 84 95 194
59 84 85 190
33 144 187 122
41 120 93 198
45 116 81 210
39 136 219 106
37 128 195 122
41 112 187 130
49 148 207 82
37 88 167 318
43 88 125 278
43 100 141 206
47 84 103 310
35 120 167 178
45 68 157 358
39 80 165 310
41 76 151 294
49 56 161 350
43 100 173 194
39 104 179 186
51 68 177 206
53 52 145 378
33 116 163 194
33 124 163 178
27 128 151 310
39 112 139 242
41 108 111 338
29 132 197 202
39 116 135 206
29 144 191 178
33 140 163 158
35 128 163 158
69 172 111 90
81 156 93 114
67 140 153 86
63 148 99 106
61 148 107 114
87 140 83 146
71 116 93 122
81 104 85 146
65 148 55 214
69 112 69 182
77 128 63 170
71 104 85 154
85 92 87 186
75 92 81 198
65 108 65 230
69 112 81 154
57 140 53 258
37 128 93 306
27 156 121 258
31 160 117 190
39 140 93 238
31 180 121 174
33 152 127 182
33 180 221 102
57 184 151 70
57 168 101 134
57 172 71 170
57 156 61 186
63 156 53 210
71 168 149 74
57 144 105 134
53 140 107 134
63 176 113 94
49 176 183 70
51 112 103 174
39 148 133 130
49 144 125 118
51 148 107 126
51 144 103 138
61 156 131 90
57 156 77 166
65 144 83 146
69 132 67 162
59 160 77 134
67 156 57 190
65 144 59 174
63 152 59 190
65 132 67 178
43 128 163 134
43 124 145 158
47 132 103 166
33 144 145 150
45 144 149 102
47 112 111 246
45 128 71 274
53 164 61 202
67 152 51 210
43 124 115 178
39 156 81 222
37 132 95 246
45 120 91 206
43 124 91 238
45 140 101 170
31 156 101 226
35 176 93 234
63 148 47 226
53 144 57 266
51 136 65 194
57 136 57 218
39 156 93 186
53 156 53 234
43 176 81 214
41 156 95 162
47 156 81 166
45 160 105 154
31 156 143 154
33 160 127 162
33 148 135 154
39 136 143 166
35 160 121 154
33 160 135 138
29 168 127 170
35 140 135 162
37 152 121 154
39 152 129 138
41 156 113 146
37 144 111 162
53 148 89 166
49 196 65 218
39 176 97 170
53 176 57 218
37 156 175 114
35 168 157 114
41 160 211 90
85 180 45 202
51 108 89 242
55 100 73 246
43 144 165 110
51 140 179 102
55 148 195 82
79 148 195 74
55 96 87 254
55 76 87 282
53 84 85 290
73 80 61 262
53 84 103 262
57 132 57 290
49 108 73 326
61 124 49 302
85 100 75 218
69 100 73 222
71 156 39 302
43 104 101 286
65 76 65 318
75 104 45 294
63 72 69 310
51 104 93 246
73 100 49 286
53 84 101 274
91 124 55 210
81 140 47 222
87 108 51 234
73 56 93 266
71 52 101 334
79 56 103 254
53 72 113 254
51 108 99 214
85 120 39 242
71 112 55 262
77 92 57 258
63 68 79 242
59 88 63 290
59 64 87 282
67 84 63 274
73 56 79 318
69 68 81 238
65 88 81 222
63 84 63 290
85 76 77 222
67 68 73 258
75 68 89 230
85 108 47 238
85 92 57 222
53 140 53 306
69 160 37 290
57 152 47 322
67 124 43 274
55 116 53 306
59 108 61 274
65 120 55 250
55 112 61 242
61 112 53 266
63 120 49 298
43 132 89 234
65 128 51 262
63 124 55 254
55 96 59 318
59 100 61 278
57 96 65 270
59 100 57 318
53 96 75 278
55 92 73 338
61 112 47 334
63 104 61 258
61 120 65 230
69 136 41 266
73 132 39 302
75 120 43 242
41 72 189 294
53 60 165 310
53 64 199 226
53 52 193 310
53 52 169 330
53 56 191 250
45 72 191 234
47 64 175 258
55 56 163 258
57 52 165 258
79 52 223 194
73 104 199 106
81 68 215 146
65 80 201 142
67 80 185 142
73 100 193 110
73 76 155 146
55 48 185 358
69 48 175 234
77 120 175 90
63 128 167 86
85 84 109 174
77 104 179 102
75 104 149 106
49 80 145 210
37 84 193 278
57 48 171 346
53 56 165 330
49 60 167 326
51 64 153 342
59 52 161 330
53 68 143 222
53 64 129 330
53 64 145 282
51 84 119 182
47 80 143 214
51 72 119 222
61 64 135 202
51 76 143 194
53 72 145 202
47 96 159 170
51 64 161 234
65 84 131 154
55 120 165 98
67 88 157 130
63 52 143 262
55 64 179 214
51 68 179 190
51 64 159 246
55 60 133 238
49 84 165 182
67 56 139 206
59 68 161 190
73 68 157 158
63 88 113 150
57 88 115 162
59 100 99 170
59 112 103 158
65 100 117 134
63 108 103 126
69 48 155 270
69 52 111 266
73 48 111 266
69 80 121 170
63 64 125 186
27 164 197 170
59 80 197 158
83 92 105 174
85 52 189 190
55 88 171 154
59 100 145 126
91 88 91 174
65 108 95 138
99 56 113 234
81 60 119 214
69 56 119 246
79 48 135 226
71 96 117 134
73 84 125 154
67 96 103 150
69 84 111 170
71 84 111 162
47 76 137 226
57 72 103 214
67 64 119 194
59 68 195 170
61 92 175 138
61 80 197 146
53 96 193 130
73 44 177 282
75 40 183 286
75 40 163 302
53 112 175 110
51 124 177 106
53 60 173 302
79 40 203 266
95 40 179 250
85 40 187 254
85 40 167 270
87 48 203 210
87 36 157 314
65 152 125 86
55 152 171 78
65 136 159 86
43 68 177 378
39 104 157 234
53 52 163 370
57 56 155 318
49 80 109 262
47 84 115 218
41 92 151 214
33 120 141 214
61 56 105 306
75 44 141 262
67 56 113 270
41 120 157 150
65 56 135 302
47 92 109 250
57 64 109 238
53 84 109 234
53 76 111 246
37 116 119 246
75 60 111 238
55 72 97 238
41 88 137 222
53 96 173 142
47 104 189 142
55 76 169 166
63 120 139 102
49 104 167 126
67 48 137 282
41 124 167 142
41 140 149 114
57 116 119 122
45 108 159 150
59 124 111 126
39 140 161 134
67 112 89 146
63 132 87 142
61 52 157 302
77 56 137 242
73 60 115 242
79 44 143 250
65 48 135 310
41 116 179 142
43 112 173 150
39 128 159 162
43 132 161 138
39 108 171 226
51 112 109 162
41 128 149 162
47 84 131 214
45 120 117 174
47 112 121 178
57 96 81 250
35 140 171 154
45 112 111 250
37 144 107 194
43 112 167 162
37 132 181 146
41 116 173 154
51 140 193 90