123
73 99 501 507
61 115 443 515
109 111 199 555
83 163 189 595
45 311 455 459
101 79 513 499
69 295 151 579
115 207 107 651
143 167 103 603
121 343 83 675
193 331 65 795
107 279 95 707
113 327 525 83
91 191 439 147
71 315 507 131
103 219 509 107
101 311 519 91
157 311 455 75
123 207 491 99
157 111 153 579
109 279 233 163
99 151 449 179
149 195 453 99
127 303 163 243
141 275 157 227
171 291 179 163
187 287 145 219
115 283 267 131
145 199 143 267
153 179 193 211
131 179 169 251
165 183 159 243
151 159 173 251
123 175 215 211
139 147 153 315
159 175 249 179
149 143 167 283
145 135 159 315
123 139 231 243
119 131 223 275
91 199 255 211
145 231 175 195
145 299 203 147
155 239 253 131
149 239 201 163
149 311 239 123
171 231 191 171
165 331 243 115
113 175 421 131
109 151 415 163
157 139 453 155
161 167 473 115
135 235 285 123
141 171 473 115
105 235 293 139
95 183 323 171
125 163 327 163
169 67 519 563
135 123 141 547
171 143 113 579
173 159 99 579
125 115 165 547
71 115 501 491
67 135 471 491
115 131 227 531
91 171 223 587
57 315 497 451
99 95 531 515
73 283 191 555
111 211 135 651
149 187 131 579
129 335 101 691
191 335 75 811
113 279 127 699
113 307 505 99
93 191 431 195
77 339 505 227
105 231 491 115
101 311 513 107
153 307 435 83
125 219 473 107
163 131 191 539
117 283 229 227
95 163 467 227
139 215 461 107
127 315 189 227
141 287 183 211
167 299 195 179
193 275 151 235
115 271 287 139
143 211 147 307
159 207 215 203
127 203 181 275
171 211 181 235
151 175 171 267
121 187 219 251
137 155 173 315
155 179 249 195
139 159 171 299
143 143 179 315
113 155 235 259
117 139 243 275
101 207 237 243
145 227 185 235
145 291 231 171
147 243 271 155
155 263 225 155
149 299 259 131
181 227 227 195
161 339 285 115
113 167 449 155
111 179 413 203
153 143 467 179
133 247 281 195
147 183 449 115
113 239 289 203
103 187 319 235
121 179 339 203
167 75 539 563
141 143 169 523
169 151 119 587
169 163 127 579
131 135 193 523