3370
55 180 173 62 
81 156 31 302 
73 172 87 106 
73 68 61 306 
57 44 203 362 
71 192 151 66 
79 88 47 298 
61 40 187 390 
39 180 215 78 
89 116 39 230 
29 168 167 114 
71 148 115 86 
79 72 57 282 
31 180 191 106 
61 40 179 398 
81 164 129 78 
77 120 85 118 
71 68 63 290 
53 124 129 94 
59 156 83 118 
79 140 119 86 
69 84 53 302 
67 72 181 146 
49 152 123 94 
87 144 125 82 
75 56 165 174 
39 160 129 114 
75 136 35 310 
77 48 207 202 
89 40 203 238 
25 168 135 170 
95 36 207 266 
51 76 197 166 
53 172 153 70 
83 140 95 102 
37 164 153 98 
67 52 179 198 
79 152 133 78 
75 44 169 234 
83 116 39 286 
81 40 193 254 
53 68 175 182 
63 56 165 190 
43 164 167 82 
63 52 195 210 
69 48 205 218 
73 44 199 238 
47 72 159 190 
65 48 201 234 
57 60 149 198 
61 48 179 250 
57 56 179 218 
59 48 171 266 
65 124 103 102 
67 80 57 294 
71 60 151 166 
61 156 161 70 
59 88 177 130 
55 176 135 78 
73 84 51 322 
59 72 199 158 
47 148 141 86 
61 56 169 198 
49 112 177 110 
57 108 179 106 
61 112 109 110 
71 104 67 162 
65 68 113 174 
59 148 141 78 
67 136 59 154 
85 132 41 206 
77 48 107 246 
31 164 143 130 
77 44 115 270 
83 144 35 242 
65 72 67 230 
59 92 109 142 
89 100 49 214 
63 60 125 198 
63 156 123 82 
81 76 57 238 
81 92 47 254 
73 40 123 310 
67 148 75 122 
59 56 143 222 
45 172 187 74 
63 44 155 294 
55 60 143 222 
57 132 111 98 
65 88 117 138 
73 136 125 86 
77 48 143 218 
55 112 133 106 
59 136 87 118 
65 92 129 126 
51 104 129 126 
65 64 135 174 
55 96 151 126 
65 84 147 134 
75 88 49 278 
47 84 171 162 
61 100 93 142 
59 104 113 122 
65 100 129 114 
59 96 121 130 
49 176 183 70 
59 160 181 70 
51 172 183 74 
51 168 197 78 
77 160 31 302 
89 148 33 262 
79 128 37 294 
65 180 95 102 
69 72 61 306 
61 68 73 306 
73 180 167 66 
63 188 145 70 
77 168 139 74 
75 92 47 298 
63 40 173 358 
33 180 221 102 
41 188 201 78 
43 156 235 86 
95 120 41 218 
85 108 47 238 
33 144 187 122 
31 152 189 134 
29 152 173 138 
31 144 153 162 
33 152 175 114 
33 148 169 138 
37 168 147 114 
31 168 155 122 
73 68 65 282 
75 76 57 282 
35 152 165 110 
39 176 177 90 
57 44 195 370 
77 160 99 98 
73 172 137 74 
81 104 85 146 
71 116 83 130 
71 116 93 122 
77 108 69 150 
83 112 85 134 
77 136 75 134 
69 128 93 114 
83 120 105 114 
73 56 79 318 
69 64 69 290 
67 72 63 290 
47 132 129 122 
53 136 147 90 
59 128 113 102 
57 128 121 110 
45 128 143 110 
61 120 107 114 
47 124 135 118 
51 148 131 106 
53 112 113 126 
55 120 117 118 
49 112 123 130 
49 132 127 114 
47 136 155 94 
47 132 151 102 
69 144 83 130 
51 160 97 134 
57 152 101 110 
55 164 81 138 
59 144 67 150 
63 124 101 118 
53 176 101 126 
89 128 117 94 
65 144 125 90 
61 84 61 342 
73 112 45 290 
61 80 197 146 
71 68 185 162 
43 152 129 118 
41 156 137 110 
51 148 111 118 
43 148 151 94 
55 156 107 102 
61 148 105 110 
53 156 115 110 
45 160 121 114 
49 140 107 126 
57 148 101 114 
45 180 149 90 
69 60 149 182 
35 168 121 146 
43 144 137 114 
43 164 133 106 
39 172 147 110 
47 152 121 118 
43 164 121 130 
47 156 107 134 
45 164 113 122 
77 124 39 250 
71 140 35 310 
83 128 37 270 
73 132 39 302 
83 44 211 230 
73 52 193 194 
31 172 117 186 
29 172 137 146 
25 156 151 194 
29 144 155 178 
25 152 145 202 
27 148 153 214 
29 140 135 190 
33 140 109 186 
27 152 123 194 
33 144 145 150 
81 40 173 262 
87 36 197 282 
93 40 177 254 
57 152 161 78 
79 132 79 126 
87 124 135 90 
69 144 101 106 
75 148 103 98 
41 140 173 106 
45 144 149 102 
35 172 183 106 
39 140 139 146 
39 152 129 138 
37 152 137 130 
31 164 159 122 
41 148 161 98 
37 176 171 94 
41 156 127 122 
61 56 163 206 
57 64 189 190 
71 148 127 82 
69 48 153 242 
79 120 39 286 
55 80 153 166 
47 68 145 238 
53 88 179 150 
49 72 143 218 
59 56 161 214 
55 60 133 238 
59 60 133 226 
45 160 143 98 
35 168 157 114 
47 140 187 90 
49 144 169 90 
55 56 163 258 
53 64 205 202 
63 52 189 226 
67 48 183 246 
79 40 203 266 
49 68 155 210 
47 92 163 158 
51 68 145 218 
45 92 115 206 
41 88 189 190 
51 68 173 198 
43 80 157 210 
53 72 145 198 
71 44 205 262 
59 52 185 242 
53 56 191 250 
67 44 183 278 
55 60 181 218 
51 60 187 238 
47 68 189 210 
57 52 179 250 
55 56 183 242 
57 52 165 258 
51 56 183 266 
65 112 87 134 
67 120 91 126 
61 112 97 138 
71 124 123 98 
71 116 103 118 
71 108 49 282 
59 80 65 334 
73 68 157 158 
55 152 171 78 
65 136 169 78 
69 152 171 70 
53 96 193 130 
49 172 163 78 
67 172 117 94 
61 180 119 86 
69 88 51 322 
77 112 43 310 
53 76 183 166 
59 92 203 126 
49 152 169 82 
47 160 159 82 
43 156 139 106 
51 68 179 190 
43 120 193 110 
45 136 157 102 
53 92 171 138 
65 108 95 138 
65 96 109 138 
57 100 103 146 
61 124 127 106 
59 108 125 118 
71 120 57 178 
73 112 77 146 
63 112 75 158 
65 112 63 210 
75 96 71 194 
71 124 71 146 
69 68 97 202 
75 72 97 186 
67 84 93 182 
65 72 85 222 
63 64 125 186 
61 64 131 198 
75 80 127 150 
69 60 125 190 
69 64 127 182 
67 76 119 166 
69 76 109 174 
67 144 151 78 
63 128 149 86 
53 168 185 78 
65 152 125 86 
77 124 59 166 
65 116 63 202 
71 104 77 154 
65 112 71 178 
59 152 63 182 
67 152 69 138 
69 144 69 138 
77 148 45 234 
87 140 37 242 
73 44 115 286 
81 60 113 210 
75 56 127 198 
71 56 103 242 
83 52 99 242 
71 56 131 218 
69 56 119 246 
35 168 147 122 
35 140 163 138 
35 148 151 130 
39 164 123 130 
33 164 131 138 
33 160 127 162 
37 168 127 138 
27 172 135 162 
73 140 39 274 
59 84 85 190 
53 88 93 214 
65 88 77 214 
67 80 77 214 
69 88 67 214 
73 80 61 246 
67 80 73 222 
63 68 79 242 
57 72 75 270 
61 68 85 254 
65 84 83 198 
69 100 59 218 
51 116 99 162 
61 108 89 150 
63 92 93 170 
63 84 121 158 
57 88 121 154 
57 116 87 150 
57 84 121 166 
95 104 51 202 
85 92 57 222 
89 120 53 198 
85 88 65 214 
55 68 137 198 
61 80 81 214 
73 64 109 210 
67 136 131 90 
85 104 49 226 
73 96 51 262 
85 120 39 242 
79 44 143 250 
87 36 157 314 
69 44 139 282 
63 136 69 158 
63 128 89 118 
73 140 75 138 
55 72 143 194 
51 64 155 222 
59 64 107 222 
49 148 207 82 
41 160 211 90 
57 52 151 290 
69 48 175 234 
67 48 147 254 
55 52 167 294 
61 48 149 286 
63 48 127 342 
53 60 157 254 
47 68 155 222 
57 68 131 198 
53 140 109 118 
49 136 125 114 
53 148 101 130 
45 160 111 134 
55 128 127 106 
57 120 95 130 
63 108 103 126 
63 68 121 186 
75 92 101 150 
67 80 113 158 
63 84 129 150 
63 84 133 146 
65 144 133 82 
59 140 131 90 
71 52 127 226 
69 52 111 266 
79 52 131 206 
69 56 127 226 
49 120 149 106 
57 116 119 122 
43 120 157 126 
57 160 89 130 
53 156 105 126 
57 132 103 126 
57 124 89 146 
59 124 71 150 
51 140 101 134 
55 144 85 138 
63 88 145 134 
77 88 111 142 
45 112 151 134 
45 128 141 118 
45 100 157 158 
45 116 155 126 
53 120 135 110 
49 96 141 150 
53 100 105 154 
49 100 141 138 
43 128 119 146 
59 68 143 194 
51 120 131 118 
49 104 167 126 
57 88 147 146 
63 80 155 142 
59 88 131 142 
79 116 41 266 
69 84 57 278 
73 84 53 270 
49 76 167 182 
45 96 171 162 
59 80 97 190 
65 108 89 142 
57 104 69 194 
63 116 73 150 
61 116 103 126 
59 128 99 122 
57 84 117 170 
55 108 89 174 
61 120 93 130 
65 120 83 134 
63 88 113 150 
63 80 133 162 
63 96 145 122 
63 100 117 122 
71 92 103 146 
55 112 111 130 
61 104 105 130 
51 180 211 66 
53 156 209 74 
67 156 35 334 
69 124 41 326 
75 132 37 294 
77 160 35 290 
63 176 113 94 
69 172 111 90 
57 72 73 306 
67 64 77 306 
51 52 201 330 
53 52 169 330 
75 152 139 78 
65 164 143 74 
79 156 155 74 
69 164 133 78 
57 184 151 70 
73 164 109 94 
81 104 53 238 
55 48 185 358 
67 40 173 346 
59 44 189 330 
55 48 175 378 
41 144 147 118 
41 148 189 94 
77 112 51 246 
79 96 51 246 
81 112 61 194 
97 128 37 254 
77 132 37 258 
81 112 45 226 
83 120 51 210 
85 120 43 218 
35 120 173 170 
35 144 175 130 
37 128 195 122 
39 140 169 110 
31 144 177 150 
39 136 147 126 
27 152 185 158 
31 140 149 178 
31 128 159 186 
31 148 149 154 
33 136 181 138 
37 128 167 142 
35 128 161 162 
29 164 161 154 
39 152 155 102 
27 160 181 150 
29 168 159 142 
35 160 129 146 
69 64 77 274 
67 68 73 258 
63 68 71 282 
71 88 55 274 
69 72 65 282 
89 80 67 218 
79 80 61 230 
35 136 171 134 
33 144 165 146 
37 152 153 118 
31 160 163 130 
41 180 193 82 
39 188 195 86 
61 44 141 370 
69 168 107 94 
65 168 131 78 
75 100 83 158 
77 116 99 118 
77 108 83 146 
67 104 77 166 
63 124 91 126 
79 116 79 134 
75 88 73 198 
75 100 85 150 
69 116 77 146 
77 124 79 134 
81 112 83 142 
89 116 77 134 
77 108 93 138 
67 64 79 274 
67 60 79 310 
61 88 59 310 
65 68 69 290 
71 64 69 270 
63 84 61 282 
65 80 59 278 
69 48 101 338 
67 88 53 306 
69 56 83 314 
57 116 155 98 
51 140 143 98 
43 132 159 114 
53 116 137 106 
43 120 123 158 
63 104 125 114 
59 100 95 166 
49 128 157 102 
63 148 99 106 
55 136 111 122 
59 116 97 134 
61 124 101 126 
43 136 179 102 
45 120 155 110 
57 116 105 142 
47 128 131 118 
53 128 123 110 
41 136 141 130 
43 108 147 158 
41 140 149 114 
63 116 95 138 
57 108 101 150 
61 108 91 146 
47 116 151 122 
49 112 135 118 
49 108 111 150 
41 148 147 110 
45 104 139 166 
49 132 131 110 
49 140 137 106 
45 128 117 154 
41 128 127 158 
59 116 109 122 
47 124 171 102 
49 100 173 134 
55 120 123 110 
51 92 117 174 
47 136 125 118 
51 108 125 138 
47 120 135 134 
53 120 109 126 
49 144 129 110 
51 108 107 162 
55 116 107 138 
51 116 143 114 
47 92 127 178 
63 168 51 198 
69 132 67 162 
51 148 89 142 
53 160 95 134 
51 148 81 162 
53 132 107 134 
49 164 89 138 
63 144 95 110 
59 160 77 134 
47 168 95 154 
57 140 85 142 
53 160 99 130 
65 144 59 174 
63 156 73 142 
61 152 77 134 
57 152 133 86 
63 84 65 254 
75 104 45 294 
79 96 47 278 
63 76 191 154 
77 64 201 154 
67 80 171 138 
45 140 129 118 
43 156 125 118 
37 148 157 118 
45 136 105 150 
39 160 127 138 
49 156 117 110 
37 164 135 130 
57 152 95 126 
51 124 125 118 
45 152 167 86 
55 144 103 122 
43 144 131 126 
43 136 135 126 
43 160 169 90 
51 164 105 122 
55 144 91 134 
39 156 149 114 
57 136 85 146 
51 148 117 110 
47 132 123 126 
45 168 131 106 
71 48 175 214 
69 80 143 138 
77 52 151 202 
75 68 197 150 
37 164 109 170 
35 156 127 154 
29 168 127 170 
43 152 113 138 
49 148 121 122 
45 176 165 86 
43 184 107 146 
35 144 111 170 
41 132 131 134 
45 152 97 154 
75 120 43 242 
69 136 39 302 
39 160 101 174 
35 148 103 210 
29 160 117 218 
39 168 103 170 
31 156 143 154 
37 176 107 170 
33 156 147 146 
33 144 137 166 
29 156 147 178 
37 148 147 126 
31 156 125 170 
37 144 111 162 
25 136 147 226 
31 132 139 202 
29 160 145 170 
27 140 167 190 
33 132 161 174 
33 148 129 162 
29 128 165 210 
37 116 129 194 
37 120 165 158 
31 128 143 202 
23 136 163 222 
33 128 155 182 
29 132 147 226 
29 132 141 238 
37 148 95 182 
27 172 121 194 
27 164 157 178 
31 132 125 218 
37 120 111 210 
31 132 157 194 
31 152 125 178 
29 172 123 170 
29 160 129 178 
23 148 157 198 
35 160 121 154 
23 148 183 182 
37 116 145 170 
41 116 119 166 
33 148 135 154 
31 152 115 234 
35 128 133 174 
29 156 169 162 
85 40 167 270 
45 84 191 178 
49 80 205 162 
79 120 63 158 
77 120 119 106 
61 152 109 102 
71 136 87 114 
59 84 189 146 
67 56 203 186 
57 68 167 182 
73 52 167 202 
55 68 117 238 
45 124 181 106 
35 140 179 130 
39 136 155 118 
47 128 163 106 
37 144 185 114 
49 152 119 122 
39 160 159 94 
33 140 145 170 
41 144 111 154 
33 160 135 138 
35 156 133 146 
33 152 159 122 
39 184 157 94 
43 164 149 98 
41 176 125 122 
47 160 111 130 
61 76 157 162 
71 52 153 214 
75 48 129 242 
79 108 45 246 
53 76 135 178 
45 88 101 254 
55 88 147 150 
53 80 207 158 
63 52 145 242 
57 56 151 246 
69 60 121 214 
53 80 89 254 
67 64 119 194 
35 144 145 146 
29 168 163 138 
55 132 143 90 
47 64 175 258 
63 56 155 218 
51 76 143 186 
51 64 157 218 
53 64 141 238 
53 72 125 218 
51 84 119 182 
49 72 151 198 
45 84 135 214 
47 76 137 226 
41 100 113 226 
57 76 89 222 
43 96 139 178 
41 72 183 254 
41 76 153 234 
37 88 177 206 
47 80 177 174 
45 72 191 210 
45 80 155 186 
47 80 143 190 
71 48 169 238 
55 68 119 210 
65 60 139 194 
61 68 103 202 
61 60 139 222 
57 64 139 198 
53 64 147 222 
61 60 187 194 
49 64 185 230 
43 76 199 218 
49 60 191 250 
47 64 195 242 
55 52 193 282 
55 56 181 250 
49 60 177 258 
67 120 97 118 
69 108 101 134 
63 104 103 134 
53 88 81 270 
61 80 69 246 
71 56 155 186 
71 72 183 142 
71 72 139 158 
55 156 177 74 
73 116 43 310 
71 80 159 134 
61 92 171 126 
55 80 173 154 
57 84 213 146 
67 76 207 142 
51 140 167 90 
35 160 153 122 
43 132 123 142 
65 64 123 202 
51 76 177 174 
65 56 143 214 
67 56 137 202 
35 120 191 158 
43 112 177 126 
39 124 185 126 
45 116 187 118 
47 100 187 138 
57 84 191 150 
53 84 173 154 
57 96 147 130 
53 124 83 182 
53 104 79 198 
79 96 107 130 
53 100 101 182 
53 104 115 134 
57 100 119 134 
61 84 103 174 
63 76 113 186 
55 80 107 194 
53 108 101 166 
59 116 83 154 
55 96 119 154 
73 92 75 182 
67 88 79 198 
73 108 59 202 
81 116 67 158 
71 140 81 130 
63 128 85 142 
81 96 55 210 
65 128 53 226 
67 100 71 174 
65 100 79 162 
75 92 91 158 
67 96 85 158 
65 108 67 194 
69 112 67 182 
63 132 79 142 
59 100 75 222 
53 120 91 166 
75 92 67 210 
61 96 87 170 
57 124 61 190 
81 96 71 178 
77 100 75 166 
85 92 97 146 
73 84 65 218 
75 76 69 222 
73 132 81 130 
61 76 115 190 
81 72 103 182 
77 68 141 166 
75 72 115 166 
71 60 115 214 
81 76 89 182 
77 72 83 222 
69 76 97 178 
69 80 89 198 
79 64 109 202 
81 96 81 170 
67 76 101 182 
59 84 103 182 
71 96 69 206 
73 76 81 218 
57 80 131 170 
65 76 105 194 
57 88 109 166 
65 80 145 150 
63 72 113 198 
51 80 125 206 
67 76 129 158 
65 88 109 154 
53 148 157 82 
61 96 77 198 
69 84 81 202 
69 96 93 154 
59 128 57 198 
61 92 85 174 
57 124 73 178 
57 144 65 174 
61 140 59 186 
77 148 59 150 
75 168 73 134 
75 144 47 218 
71 108 61 214 
85 152 33 302 
71 56 93 254 
69 48 131 258 
67 52 111 282 
65 48 131 306 
79 48 135 226 
67 52 139 258 
67 44 133 326 
87 40 149 290 
87 64 105 206 
81 52 113 234 
71 48 139 242 
81 60 119 194 
71 64 115 182 
65 56 127 234 
65 64 91 214 
77 60 95 238 
71 56 117 226 
83 52 123 226 
75 52 95 274 
65 52 127 286 
77 48 95 310 
69 52 101 306 
31 152 169 146 
37 140 151 146 
41 136 145 126 
35 132 157 154 
29 148 161 174 
39 148 113 146 
45 168 107 138 
29 156 157 166 
33 176 119 170 
31 152 163 150 
27 156 141 186 
73 52 109 262 
71 44 119 294 
53 108 97 182 
57 80 97 202 
51 84 93 230 
65 76 89 206 
55 80 103 214 
57 72 103 214 
57 84 93 214 
77 96 61 230 
61 112 57 234 
73 96 63 214 
65 76 83 214 
61 72 77 234 
51 72 97 294 
59 76 67 262 
61 96 63 250 
59 84 71 250 
77 56 83 262 
65 92 75 194 
59 64 87 282 
59 88 63 290 
51 92 81 282 
59 96 101 158 
43 116 107 202 
49 140 77 170 
53 132 79 170 
53 88 141 158 
51 84 131 174 
49 84 129 206 
63 104 85 166 
55 104 77 182 
59 84 113 174 
91 92 67 202 
77 116 47 242 
79 84 73 214 
83 96 69 194 
61 72 101 222 
75 128 123 94 
73 116 133 98 
73 100 49 286 
85 80 87 186 
91 96 67 190 
75 92 59 238 
77 100 49 270 
73 124 49 218 
69 48 117 302 
65 48 127 318 
67 44 135 318 
61 56 107 278 
75 52 135 222 
73 48 127 258 
79 36 147 330 
67 144 75 142 
55 132 103 134 
79 144 67 138 
59 68 79 270 
51 72 119 222 
55 60 115 262 
63 64 123 214 
49 60 163 290 
65 52 141 246 
75 40 153 294 
53 56 161 286 
61 52 121 334 
49 96 99 210 
53 84 131 170 
43 72 149 254 
47 76 151 206 
43 76 165 222 
45 88 111 238 
61 60 143 214 
53 68 127 238 
37 164 125 150 
49 128 137 114 
57 136 105 114 
53 136 85 162 
47 120 107 146 
45 148 95 166 
59 104 147 114 
59 128 105 114 
45 132 101 162 
79 88 107 154 
67 88 133 130 
67 96 101 146 
67 116 99 126 
61 132 81 134 
77 84 97 170 
81 96 93 146 
53 80 157 162 
61 84 165 146 
55 100 129 130 
65 80 109 170 
51 148 139 86 
65 60 123 222 
73 56 115 214 
73 48 111 266 
87 56 105 230 
75 48 149 230 
59 104 159 110 
55 108 109 138 
47 112 171 130 
41 100 161 174 
45 120 137 134 
37 128 157 154 
57 148 73 162 
55 152 95 130 
75 140 77 126 
67 132 65 166 
51 128 93 142 
61 120 91 142 
63 124 89 138 
57 112 79 174 
51 132 113 134 
51 124 79 190 
63 108 81 150 
59 140 81 134 
47 148 99 154 
53 140 99 134 
55 104 141 118 
65 80 141 154 
63 64 169 174 
69 68 139 170 
71 84 109 154 
79 80 107 162 
75 108 97 130 
71 84 119 146 
41 108 149 158 
45 116 133 146 
37 136 141 154 
47 112 131 142 
47 144 147 102 
37 152 131 138 
41 124 139 142 
45 120 121 142 
45 108 137 150 
41 96 155 182 
41 112 153 150 
43 120 163 118 
57 84 145 154 
55 84 131 166 
57 80 145 166 
61 84 109 170 
45 92 139 174 
61 96 83 174 
59 104 89 162 
45 124 95 174 
49 96 103 178 
41 120 147 146 
41 124 131 158 
39 124 117 170 
65 76 167 150 
71 76 83 194 
61 68 151 182 
43 144 121 138 
43 108 163 146 
45 100 165 150 
47 92 165 150 
57 88 171 142 
57 108 87 158 
69 76 173 138 
71 100 55 258 
61 84 65 318 
67 80 61 270 
67 84 55 286 
77 112 45 258 
77 88 57 262 
37 100 193 170 
51 88 135 166 
51 96 165 138 
55 88 179 146 
59 92 131 138 
43 116 143 142 
45 88 179 158 
51 96 161 142 
59 104 101 142 
77 104 83 150 
71 96 77 182 
65 100 75 190 
53 80 119 214 
51 80 105 230 
57 76 109 202 
55 100 81 206 
49 104 77 234 
53 104 99 186 
55 112 97 162 
53 112 95 170 
49 100 139 142 
59 84 129 158 
61 68 117 198 
61 92 97 158 
69 84 129 142 
73 100 87 146 
65 116 97 130 
67 84 117 150 
65 104 135 110 
61 108 131 114 
53 100 125 138 
43 124 117 162 
53 96 123 142 
47 136 101 150 
57 128 117 114 
59 84 109 178 
41 172 209 86 
65 128 41 326 
77 116 43 286 
69 156 37 298 
73 164 35 290 
71 140 39 298 
79 148 39 230 
75 140 41 238 
69 152 101 102 
65 160 99 102 
51 84 91 266 
55 68 85 306 
47 56 187 354 
53 52 195 302 
57 48 153 358 
71 148 109 98 
75 148 99 102 
73 156 135 78 
83 136 163 82 
87 152 165 74 
63 160 139 78 
51 188 179 70 
63 88 63 274 
69 40 159 350 
69 40 167 318 
35 144 153 142 
37 152 209 106 
69 136 41 266 
83 124 43 234 
73 92 59 246 
87 116 47 214 
83 104 61 194 
91 124 45 206 
79 116 51 218 
85 104 53 202 
41 104 187 150 
31 136 201 158 
35 128 185 150 
39 104 181 170 
43 108 173 142 
33 156 153 142 
43 112 167 134 
43 116 141 154 
39 144 167 102 
43 144 133 122 
35 132 173 146 
45 120 151 122 
31 140 169 174 
35 112 167 186 
37 112 173 166 
29 148 185 162 
39 120 153 150 
31 160 135 158 
39 132 151 134 
25 164 175 190 
39 132 181 110 
47 152 135 102 
41 152 143 110 
27 152 177 162 
29 152 161 166 
81 68 81 222 
57 68 85 274 
53 92 71 310 
65 68 77 274 
63 72 73 258 
59 72 71 282 
65 84 63 274 
83 76 75 218 
83 108 53 218 
31 144 169 154 
41 196 181 86 
57 48 157 342 
59 48 145 350 
71 88 77 194 
77 100 69 194 
61 120 79 170 
61 96 75 214 
83 112 75 146 
67 120 67 182 
79 88 67 206 
83 92 69 202 
81 96 69 198 
69 132 87 130 
87 120 69 146 
83 92 97 154 
89 108 63 182 
85 104 97 138 
69 52 109 278 
67 56 97 306 
69 60 81 282 
71 56 81 318 
63 64 79 310 
73 52 83 314 
57 92 59 310 
49 100 65 342 
61 104 49 326 
63 76 65 278 
79 72 79 226 
67 60 87 294 
83 60 75 258 
75 76 61 238 
57 80 67 318 
63 72 69 310 
69 108 51 266 
67 48 107 366 
69 44 129 290 
51 128 181 98 
47 132 171 98 
57 120 133 98 
37 132 165 138 
47 116 143 130 
49 104 131 142 
51 116 169 106 
45 140 127 126 
59 120 121 114 
43 120 135 146 
43 116 111 178 
45 116 107 190 
75 100 107 130 
69 108 109 122 
47 116 121 150 
59 124 93 134 
39 116 183 142 
41 116 179 142 
49 128 187 94 
41 132 161 114 
47 120 143 118 
39 128 177 118 
47 116 131 138 
49 124 121 134 
43 136 129 138 
37 116 169 166 
37 104 175 190 
41 128 153 130 
43 124 137 138 
61 116 87 146 
55 120 95 142 
63 116 101 130 
49 92 131 154 
45 120 153 114 
47 96 155 146 
45 120 133 138 
51 116 121 134 
47 104 157 142 
43 124 161 118 
45 108 175 134 
47 92 139 166 
53 132 121 122 
43 136 147 110 
47 88 115 198 
47 100 127 150 
51 104 105 170 
41 124 115 178 
39 100 167 198 
41 124 177 126 
51 128 119 134 
49 120 115 142 
59 116 121 118 
59 104 93 154 
55 88 105 190 
49 144 135 102 
49 88 129 186 
47 116 113 158 
43 116 133 158 
55 116 93 158 
57 108 123 126 
49 120 143 110 
51 100 113 174 
45 112 135 158 
49 88 111 210 
43 100 125 198 
53 80 109 218 
51 144 157 86 
71 164 47 190 
67 148 55 182 
49 124 101 166 
45 144 117 142 
49 144 85 154 
51 136 65 194 
53 128 87 166 
45 172 81 170 
49 152 73 170 
55 160 75 162 
41 168 103 154 
57 156 81 142 
53 168 93 130 
69 156 67 146 
71 148 51 174 
63 144 57 182 
55 164 67 178 
55 140 87 150 
53 132 91 154 
57 148 75 150 
67 96 95 150 
59 144 119 94 
55 84 73 294 
67 100 65 238 
67 108 49 302 
57 136 53 242 
79 80 57 262 
61 72 171 170 
69 68 171 166 
85 64 179 154 
69 84 155 130 
59 96 167 122 
65 76 155 158 
67 64 187 170 
41 148 127 138 
47 144 115 134 
45 152 115 134 
33 156 155 138 
39 132 133 150 
43 116 109 198 
47 132 99 170 
55 160 101 118 
49 128 99 154 
47 128 101 170 
55 132 87 154 
53 140 121 114 
51 128 123 118 
51 172 115 114 
37 172 145 122 
65 52 159 222 
67 56 135 222 
71 56 135 210 
91 52 149 194 
87 60 207 154 
37 140 123 166 
39 132 143 138 
41 156 117 138 
51 172 137 86 
41 156 95 162 
39 124 113 194 
37 140 105 190 
37 152 121 154 
39 120 131 178 
45 116 139 134 
47 136 115 142 
43 128 107 162 
39 124 155 146 
49 132 97 158 
49 156 101 146 
65 120 47 326 
61 112 47 334 
63 100 59 258 
37 160 103 174 
35 164 101 198 
43 164 103 150 
41 128 121 162 
35 140 107 218 
41 124 113 186 
27 152 159 174 
27 140 165 198 
45 140 89 182 
33 196 115 178 
39 148 143 126 
41 152 97 158 
25 128 167 234 
29 116 149 250 
29 140 131 222 
27 120 163 222 
33 128 125 194 
33 112 157 206 
27 116 165 270 
25 140 161 210 
25 140 187 194 
35 136 123 198 
25 168 131 202 
35 116 177 170 
37 124 125 190 
43 112 111 182 
35 132 149 166 
29 136 151 210 
37 124 155 162 
39 104 153 182 
25 116 181 266 
31 112 173 202 
25 124 169 230 
31 112 161 218 
39 116 121 190 
25 128 201 226 
35 116 147 194 
45 124 105 162 
29 148 143 186 
27 148 169 182 
27 136 175 206 
35 144 105 190 
29 136 159 186 
29 152 121 226 
33 120 141 202 
31 128 171 170 
39 128 135 158 
27 172 127 190 
25 164 149 198 
37 136 139 158 
25 144 159 198 
47 120 139 130 
27 140 157 206 
39 116 141 170 
31 124 167 178 
39 132 109 174 
35 124 121 202 
37 120 97 242 
37 136 119 190 
37 140 109 178 
31 132 111 250 
29 128 155 234 
37 128 129 174 
85 40 187 254 
41 80 187 198 
59 68 195 170 
81 128 73 142 
69 124 141 86 
75 120 127 102 
75 140 117 94 
59 68 145 186 
49 68 171 206 
49 96 199 138 
57 68 213 178 
59 88 129 150 
37 128 179 130 
43 128 129 142 
41 112 141 166 
31 144 191 138 
41 144 197 98 
55 144 111 106 
33 160 165 118 
35 128 145 170 
41 164 109 154 
35 148 135 138 
33 184 163 118 
37 144 133 146 
37 136 167 122 
41 132 155 126 
35 140 135 162 
47 180 109 130 
45 188 141 102 
51 88 167 154 
65 56 137 222 
73 56 149 194 
73 104 53 246 
79 92 55 230 
63 128 43 298 
51 76 115 234 
53 80 131 198 
49 84 133 198 
57 72 121 206 
57 68 147 194 
45 80 121 262 
53 68 111 254 
35 84 177 270 
49 84 127 210 
53 100 211 126 
63 68 197 166 
47 68 127 262 
47 64 157 282 
61 52 135 274 
63 64 115 218 
61 52 149 246 
49 64 163 246 
61 60 99 254 
33 140 163 158 
31 156 163 138 
53 132 175 90 
69 128 137 86 
47 64 159 278 
47 84 143 178 
55 80 105 210 
47 116 109 166 
37 108 181 174 
47 116 101 182 
51 88 107 182 
47 80 115 234 
43 72 169 238 
53 68 165 206 
43 88 159 186 
47 76 119 230 
35 116 141 218 
35 104 161 210 
37 104 119 266 
39 104 137 198 
53 84 87 242 
43 100 111 202 
63 76 75 230 
39 108 147 190 
55 76 111 214 
43 88 117 242 
39 96 179 194 
35 92 183 234 
41 80 131 242 
43 68 179 274 
39 76 177 246 
49 76 127 222 
33 104 177 206 
39 92 187 198 
41 92 181 186 
33 96 175 226 
39 112 205 154 
45 80 199 182 
41 92 197 182 
43 100 183 146 
51 72 197 186 
47 100 181 142 
37 104 145 206 
49 84 157 162 
45 100 159 154 
51 84 145 166 
51 76 171 178 
39 96 185 186 
51 76 129 218 
49 76 139 210 
49 80 155 178 
63 76 109 194 
55 72 91 258 
59 72 121 186 
49 72 127 230 
53 76 91 262 
59 72 127 174 
55 72 111 222 
65 64 117 210 
47 84 131 214 
49 80 145 186 
59 68 159 182 
37 108 201 166 
45 68 201 250 
47 64 193 250 
45 64 185 282 
69 100 111 130 
55 104 107 142 
45 88 89 310 
55 132 57 234 
65 108 61 234 
53 80 77 286 
55 92 87 206 
77 68 107 178 
73 68 133 170 
75 52 169 194 
85 52 189 190 
67 68 101 190 
77 88 89 174 
77 80 145 134 
83 64 193 146 
75 68 143 166 
67 60 147 190 
73 104 49 270 
65 84 143 142 
55 100 177 122 
57 104 217 114 
43 112 119 174 
41 112 127 190 
53 76 175 174 
61 64 167 182 
57 80 125 186 
33 128 187 146 
35 148 165 118 
37 120 197 138 
41 140 167 110 
39 136 219 106 
55 84 151 162 
37 120 191 154 
53 120 127 122 
57 84 131 162 
55 92 129 142 
51 104 73 246 
49 112 77 218 
57 92 95 178 
59 88 87 182 
57 88 79 226 
55 116 89 166 
49 100 87 238 
59 112 99 146 
63 92 79 194 
75 84 101 166 
49 108 91 186 
57 100 101 162 
61 84 119 162 
59 80 119 182 
57 96 87 202 
49 112 105 174 
53 92 115 174 
73 108 65 198 
81 132 57 174 
75 116 59 182 
87 100 57 198 
69 96 67 210 
65 132 55 218 
59 112 73 182 
67 116 85 146 
57 124 69 182 
65 116 69 178 
77 84 87 178 
55 104 75 222 
67 88 71 206 
65 124 57 210 
67 112 65 190 
49 132 69 186 
51 124 87 178 
75 108 57 226 
61 88 73 218 
57 140 71 174 
57 136 77 158 
49 124 69 230 
61 128 65 182 
87 100 73 166 
75 104 99 138 
79 112 65 186 
87 92 109 138 
73 100 55 234 
77 84 79 206 
81 80 71 210 
77 72 127 158 
75 72 107 182 
69 80 107 166 
83 84 95 174 
73 72 111 186 
71 84 103 170 
75 60 121 206 
81 76 155 142 
55 84 121 178 
63 80 121 178 
51 132 151 98 
51 148 189 82 
71 84 77 210 
51 128 65 238 
61 156 53 206 
55 108 71 194 
65 148 53 190 
67 80 95 202 
57 128 77 170 
57 120 73 182 
75 132 53 194 
75 76 79 214 
71 108 53 230 
79 48 99 290 
75 68 85 222 
61 52 129 322 
63 60 97 302 
61 48 133 346 
93 44 169 230 
73 52 119 234 
79 40 139 306 
85 84 93 174 
69 56 159 194 
69 88 101 166 
69 52 125 234 
69 60 105 222 
69 60 91 270 
83 52 87 306 
67 48 127 290 
71 52 99 326 
71 48 103 314 
73 44 103 350 
41 128 157 126 
37 128 149 162 
41 144 107 166 
41 156 123 130 
31 148 137 182 
29 148 153 178 
75 48 101 270 
63 48 135 314 
53 96 89 210 
63 76 121 182 
55 84 95 194 
53 88 85 222 
63 72 101 218 
57 100 73 234 
63 72 95 226 
59 88 101 174 
65 64 79 278 
57 80 75 254 
51 76 75 302 
59 96 71 246 
55 72 85 286 
53 96 73 274 
61 96 55 266 
53 96 71 290 
71 64 79 258 
65 92 71 202 
47 128 67 202 
53 124 87 170 
55 128 75 186 
51 80 153 182 
49 84 139 182 
47 88 141 190 
47 104 85 222 
57 80 161 158 
55 124 81 166 
57 120 83 166 
53 76 121 214 
63 64 85 238 
67 64 83 258 
69 136 125 90 
81 104 65 198 
75 92 51 254 
67 48 109 310 
63 44 135 330 
65 48 133 274 
65 60 99 238 
71 52 101 278 
71 60 123 206 
71 52 163 210 
79 36 167 314 
69 120 55 222 
79 132 97 110 
79 136 53 186 
53 80 97 230 
55 64 87 310 
53 60 139 274 
57 68 103 246 
71 44 169 266 
45 104 97 230 
45 100 111 194 
41 72 173 266 
45 96 107 222 
41 92 123 222 
51 76 85 286 
53 72 99 286 
53 60 149 262 
57 72 85 254 
41 76 163 230 
43 80 143 230 
55 64 103 262 
45 76 139 238 
45 132 123 138 
45 132 107 150 
43 128 105 166 
33 172 117 182 
51 124 113 142 
45 148 111 146 
49 116 109 154 
53 120 93 154 
45 116 123 154 
39 148 133 130 
57 100 129 126 
43 112 105 210 
61 92 117 138 
83 88 89 166 
57 92 125 150 
55 88 135 162 
53 100 161 130 
55 72 153 182 
49 80 133 218 
57 96 105 154 
71 88 95 170 
69 64 113 202 
63 56 129 262 
67 64 111 210 
73 60 87 262 
63 52 143 262 
67 56 107 262 
65 56 109 262 
53 112 175 110 
67 104 91 154 
43 112 165 138 
37 108 159 194 
33 136 155 174 
51 140 83 162 
55 140 79 162 
75 156 67 142 
75 128 61 158 
57 128 79 150 
51 112 103 174 
55 112 93 170 
47 136 91 162 
65 140 77 146 
61 108 75 174 
49 112 87 214 
55 92 83 222 
49 120 103 166 
61 128 67 174 
63 100 67 198 
69 136 71 146 
57 96 137 138 
67 84 125 146 
63 72 167 158 
65 72 125 162 
73 76 105 174 
43 112 143 158 
43 104 125 186 
33 132 139 178 
43 108 129 166 
47 112 109 174 
49 108 107 170 
39 148 107 166 
37 132 127 170 
41 104 135 174 
43 120 115 170 
49 128 107 138 
51 124 105 150 
49 92 147 150 
47 104 113 178 
45 96 149 166 
43 88 139 198 
43 92 131 210 
41 92 165 190 
51 80 121 214 
45 112 99 210 
55 84 85 218 
33 132 165 162 
65 76 111 178 
51 100 131 138 
59 84 165 150 
67 88 93 178 
59 96 93 174 
57 108 113 134 
41 120 93 198 
53 120 73 194 
51 128 79 182 
77 68 177 154 
73 84 89 186 
41 112 187 130 
55 76 169 166 
47 104 175 130 
49 132 77 178 
45 120 93 190 
45 136 87 194 
53 124 77 190 
57 124 77 174 
57 128 91 142 
63 140 49 218 
65 116 55 234 
69 96 59 250 
71 112 47 274 
59 84 63 326 
33 108 191 190 
33 116 193 170 
35 112 193 170 
41 100 205 154 
37 80 187 250 
43 100 179 154 
57 72 135 186 
61 84 127 158 
41 128 133 150 
41 96 177 178 
39 124 141 162 
41 96 147 190 
39 104 165 178 
47 80 175 178 
57 84 105 190 
61 120 81 150 
59 112 93 150 
53 84 97 222 
53 96 81 266 
53 112 71 210 
51 116 73 214 
55 100 73 246 
51 108 69 226 
43 104 99 258 
49 96 91 226 
55 112 103 150 
45 116 93 202 
57 76 141 174 
63 76 87 210 
45 124 113 158 
63 80 105 182 
83 84 127 134 
73 108 173 102 
57 76 153 170 
73 92 73 194 
73 80 141 146 
63 112 149 102 
67 108 163 106 
61 84 129 154 
55 96 101 166 
55 116 131 122 
35 148 107 182 
43 128 137 130 
43 124 123 150 
47 108 125 154 
55 92 99 170 
45 120 113 162 
47 112 115 158 
47 108 149 142 
45 140 101 158 
65 104 49 318 
69 144 43 262 
63 160 39 322 
67 172 37 314 
73 152 37 274 
63 136 41 306 
67 144 39 298 
69 140 57 194 
73 128 43 238 
69 120 45 246 
67 136 121 94 
71 140 101 110 
49 104 75 270 
59 72 77 266 
49 80 103 266 
61 44 195 322 
39 76 169 342 
45 60 191 334 
45 60 181 346 
57 48 179 330 
69 132 129 90 
61 144 139 82 
65 40 179 350 
65 44 183 290 
61 48 139 330 
57 52 133 358 
37 132 153 142 
31 152 215 130 
37 136 195 118 
71 128 53 210 
71 92 57 254 
77 128 47 202 
79 96 69 202 
81 136 45 194 
91 108 55 190 
79 100 61 202 
77 116 49 226 
73 104 65 202 
37 104 171 198 
27 144 217 182 
45 108 169 142 
47 92 161 162 
39 128 173 126 
41 144 155 110 
39 124 163 134 
51 144 113 122 
45 144 121 130 
39 116 179 154 
39 116 157 158 
33 120 175 174 
33 144 123 182 
37 112 155 182 
43 124 155 134 
51 136 145 102 
31 136 177 162 
37 144 139 134 
53 64 111 286 
53 76 83 294 
61 60 87 318 
51 80 103 234 
49 96 71 310 
57 92 67 294 
71 76 79 226 
67 100 61 254 
71 112 63 194 
29 132 181 178 
49 56 147 382 
55 52 161 322 
73 88 63 230 
79 100 69 182 
61 112 65 230 
63 100 81 178 
77 68 71 254 
81 80 63 226 
81 120 61 170 
79 128 77 142 
77 88 95 166 
65 60 81 310 
69 68 77 254 
53 104 57 302 
57 108 49 326 
55 96 59 318 
55 100 63 290 
47 108 69 322 
69 96 51 286 
55 76 73 318 
73 68 87 230 
59 60 93 354 
65 48 145 262 
63 48 107 378 
71 104 51 254 
71 96 75 190 
45 132 203 98 
55 128 147 90 
57 108 117 130 
55 120 165 98 
31 140 187 146 
39 120 165 138 
49 104 143 130 
53 120 197 102 
57 108 163 110 
39 128 133 166 
37 124 133 186 
53 76 97 238 
63 144 79 138 
43 96 177 170 
41 116 171 146 
35 136 201 122 
47 124 169 106 
37 140 159 134 
43 116 149 138 
49 116 119 146 
43 120 133 150 
37 132 137 166 
43 140 165 106 
49 128 95 170 
53 96 107 166 
45 92 131 202 
49 104 111 170 
43 100 153 162 
43 104 157 154 
41 100 153 186 
55 92 117 162 
45 100 129 174 
43 100 137 186 
41 104 165 166 
35 124 195 150 
45 100 147 166 
41 88 167 198 
53 80 121 206 
41 88 137 222 
41 96 137 206 
41 84 143 230 
49 84 109 218 
51 84 103 214 
55 100 91 178 
41 92 151 214 
47 100 119 190 
47 124 123 134 
45 116 113 166 
51 112 101 178 
49 96 101 206 
57 100 87 190 
61 76 87 230 
51 124 99 154 
45 96 123 198 
47 80 129 222 
47 116 129 142 
55 116 159 102 
39 112 111 238 
55 76 93 250 
55 160 49 242 
75 144 51 174 
43 140 87 186 
43 136 73 234 
47 148 109 138 
55 120 87 162 
41 148 99 170 
45 152 77 186 
49 144 97 150 
55 116 67 218 
57 156 61 186 
57 136 57 218 
55 172 91 130 
53 164 61 202 
49 196 65 218 
49 168 83 154 
51 160 83 154 
53 156 77 162 
53 176 57 218 
43 168 101 154 
51 160 87 146 
63 164 55 202 
75 156 57 158 
81 136 51 186 
55 116 101 150 
47 172 75 178 
65 140 67 154 
65 76 99 198 
65 88 111 150 
65 92 57 326 
49 136 61 282 
75 64 187 158 
81 68 215 146 
61 92 155 130 
51 128 85 178 
35 144 155 138 
41 152 89 174 
55 132 83 162 
55 64 169 214 
63 48 165 262 
81 52 157 198 
37 164 87 194 
39 136 99 194 
31 196 113 194 
47 160 101 146 
39 124 99 226 
49 124 93 182 
59 164 129 90 
57 176 131 86 
41 136 91 178 
35 124 143 186 
45 124 91 194 
45 148 93 170 
49 132 91 170 
51 124 85 182 
57 116 47 334 
55 128 53 294 
63 100 51 274 
69 104 49 294 
45 156 89 158 
39 136 125 166 
43 164 93 158 
37 132 119 194 
41 112 89 250 
47 156 81 166 
43 132 153 126 
31 124 165 198 
49 148 75 178 
39 176 97 170 
27 116 173 242 
27 108 185 278 
29 132 161 210 
29 112 171 242 
37 108 127 218 
33 116 145 210 
27 136 141 262 
29 148 123 226 
25 148 127 234 
35 124 101 222 
37 136 107 214 
35 96 173 202 
29 100 181 266 
29 128 157 226 
35 112 153 206 
29 124 147 250 
31 112 159 230 
29 144 181 170 
31 144 119 210 
27 172 113 210 
31 116 153 226 
33 128 161 178 
39 124 107 214 
33 104 151 246 
35 104 129 238 
41 92 115 230 
31 144 147 174 
37 116 137 190 
43 112 99 226 
35 112 145 214 
49 100 93 222 
37 112 117 250 
39 100 141 210 
27 104 187 274 
29 112 175 226 
31 108 183 210 
33 104 157 218 
39 124 147 158 
43 108 123 170 
29 124 195 186 
29 124 169 202 
39 108 149 174 
37 124 153 166 
23 156 191 178 
23 144 171 218 
23 156 165 194 
37 148 87 198 
33 124 147 186 
35 112 113 274 
41 100 99 266 
37 100 135 230 
33 116 163 194 
33 128 167 170 
35 120 145 194 
27 136 163 210 
35 144 141 150 
43 96 135 198 
33 124 163 178 
35 124 179 162 
43 120 105 186 
43 116 117 174 
41 128 111 182 
43 140 95 170 
39 104 123 226 
47 108 95 218 
33 112 129 294 
39 108 121 230 
41 108 123 202 
95 40 179 250 
37 96 187 198 
41 100 191 166 
45 88 167 178 
41 124 201 118 
59 80 205 150 
49 116 203 106 
43 108 117 194 
33 140 167 154 
43 116 169 130 
33 132 191 138 
27 168 213 142 
27 148 211 150 
49 140 173 90 
37 148 217 110 
55 132 95 138 
39 112 153 170 
37 140 131 158 
51 108 171 122 
67 104 61 222 
67 104 57 262 
57 132 55 250 
75 132 49 198 
67 124 43 274 
57 64 131 226 
45 88 129 222 
47 72 105 278 
35 88 155 278 
35 88 149 282 
53 88 119 170 
45 68 151 274 
57 56 145 274 
37 92 135 282 
55 56 145 282 
53 60 161 246 
41 116 79 290 
55 64 93 278 
53 72 89 302 
35 128 163 158 
27 136 191 190 
27 148 185 166 
33 140 151 162 
75 132 121 94 
73 36 161 338 
49 72 115 250 
49 76 111 254 
45 68 163 258 
45 68 153 270 
53 84 111 190 
51 92 123 166 
57 88 93 190 
47 96 105 202 
45 96 129 190 
45 84 139 206 
47 80 135 214 
39 80 179 238 
39 96 157 206 
45 80 143 202 
57 64 109 238 
31 124 139 238 
39 112 143 190 
35 120 159 186 
53 100 75 258 
39 100 125 238 
49 104 101 182 
31 100 179 246 
35 84 187 254 
31 92 171 250 
33 100 171 238 
51 88 83 266 
45 84 133 218 
43 100 127 194 
39 80 155 254 
39 80 149 258 
35 96 161 222 
41 120 139 162 
43 120 187 114 
39 92 163 222 
45 104 167 146 
35 104 181 198 
49 80 135 198 
51 72 141 218 
61 80 133 166 
53 72 115 234 
53 76 129 206 
47 88 109 222 
49 92 83 270 
63 68 141 182 
45 104 125 178 
33 124 201 166 
43 68 189 262 
55 100 71 278 
39 108 95 322 
39 100 107 270 
47 132 65 274 
49 88 87 326 
47 92 95 246 
89 48 203 198 
75 68 93 206 
75 76 161 142 
79 88 151 126 
75 84 153 126 
75 80 189 130 
63 68 151 174 
73 88 59 254 
69 132 51 234 
63 84 181 138 
35 124 155 178 
63 64 165 182 
29 136 185 166 
35 128 167 154 
37 132 191 126 
35 108 197 182 
41 120 209 122 
35 160 199 98 
41 136 201 106 
57 88 105 170 
61 80 111 182 
55 80 143 174 
41 128 73 274 
45 108 85 258 
51 112 77 202 
55 116 69 214 
51 108 81 198 
61 76 95 206 
59 80 73 230 
59 100 69 246 
53 112 87 174 
57 104 97 154 
45 108 121 178 
45 116 89 206 
51 96 115 166 
69 88 79 194 
63 116 71 182 
81 96 65 202 
69 96 105 142 
45 140 83 194 
71 96 79 174 
55 128 69 190 
45 136 75 214 
57 140 59 198 
65 84 111 166 
73 80 111 162 
61 100 89 166 
63 104 61 238 
45 128 71 266 
59 132 53 258 
55 100 87 202 
67 128 55 206 
41 132 77 226 
53 116 79 186 
53 156 53 234 
55 132 61 210 
49 104 99 202 
53 124 71 194 
51 140 57 250 
59 104 59 246 
77 100 59 210 
75 92 89 170 
71 76 111 166 
77 72 93 194 
79 72 171 150 
53 144 53 258 
47 108 79 234 
63 116 65 210 
61 108 55 254 
55 100 77 230 
65 128 61 178 
55 104 93 174 
59 96 83 198 
55 96 85 206 
73 132 51 202 
69 88 97 174 
71 156 41 262 
69 116 57 210 
81 96 53 242 
85 52 119 230 
79 80 91 186 
65 56 99 310 
55 48 151 386 
57 52 147 318 
67 60 115 230 
85 84 101 158 
83 76 141 150 
69 52 121 250 
67 52 99 338 
29 140 157 186 
81 52 93 266 
69 56 97 266 
59 48 137 354 
65 52 129 274 
51 92 93 214 
49 84 103 246 
45 88 93 262 
49 76 115 246 
43 84 123 278 
57 116 61 222 
57 76 119 198 
57 84 113 186 
51 96 79 286 
45 96 81 314 
57 92 69 278 
59 96 75 226 
53 96 63 306 
73 84 75 210 
57 124 113 122 
39 128 75 242 
47 148 71 186 
39 156 93 186 
61 100 77 194 
57 88 81 206 
55 72 97 238 
59 60 103 262 
61 68 93 230 
79 104 57 206 
77 104 57 230 
59 52 125 330 
75 44 141 262 
61 56 105 306 
59 56 121 310 
53 56 159 310 
53 52 145 378 
61 44 149 362 
55 52 147 330 
57 52 141 326 
59 48 151 302 
45 76 119 310 
57 64 101 270 
83 36 175 298 
89 36 159 310 
75 40 183 286 
67 120 53 230 
75 124 47 222 
63 120 63 198 
85 120 119 102 
49 76 105 270 
51 100 97 202 
41 108 109 214 
39 92 147 234 
49 100 81 266 
55 80 87 262 
45 88 103 246 
45 96 91 298 
51 64 153 242 
37 92 163 230 
43 72 157 250 
49 68 151 230 
37 84 173 230 
37 96 169 202 
37 104 191 186 
35 88 165 262 
51 76 103 278 
59 68 105 238 
47 72 115 262 
45 148 117 134 
47 140 117 134 
35 156 131 150 
51 124 119 138 
45 124 143 130 
39 140 145 130 
41 132 121 154 
45 108 153 146 
59 116 95 146 
57 88 115 162 
49 120 95 174 
73 80 91 190 
59 52 137 302 
69 84 107 162 
63 52 129 294 
45 112 145 146 
51 128 67 194 
57 156 69 170 
43 136 81 218 
77 136 71 142 
47 152 79 178 
53 116 93 170 
59 112 83 166 
59 100 91 174 
47 92 91 262 
61 92 83 198 
57 112 85 158 
59 92 173 130 
57 72 165 174 
67 76 143 150 
67 80 131 154 
37 108 171 190 
45 104 105 194 
35 128 115 206 
39 120 141 166 
39 128 103 198 
55 132 91 146 
51 88 123 178 
47 92 125 194 
45 84 115 226 
41 96 143 198 
35 108 151 210 
35 116 121 230 
33 100 187 222 
39 100 175 178 
47 108 75 238 
67 72 87 206 
45 116 117 158 
51 100 161 134 
53 112 79 194 
43 128 87 222 
45 140 79 202 
51 124 97 166 
55 148 65 186 
79 88 83 186 
43 88 173 178 
57 68 165 186 
47 136 77 186 
49 152 81 162 
45 148 67 210 
37 144 83 210 
49 148 67 194 
45 120 99 178 
69 160 45 210 
61 136 53 210 
59 112 63 234 
59 116 57 250 
37 84 165 258 
29 124 191 190 
31 120 191 190 
37 116 205 154 
35 108 177 186 
43 92 201 174 
35 124 169 174 
59 80 143 166 
45 84 105 262 
45 112 79 250 
45 124 73 274 
43 108 77 266 
53 84 107 206 
55 136 89 150 
41 124 85 234 
41 120 115 194 
51 116 115 146 
73 84 135 138 
81 84 115 142 
75 96 171 110 
59 100 173 118 
47 120 91 186 
61 84 83 206 
39 140 115 150 
41 128 147 134 
47 116 89 190 
43 112 145 150 
51 104 95 206 
51 92 87 234 
61 108 49 318 
61 152 43 342 
71 124 43 266 
71 168 37 290 
67 132 41 282 
65 156 41 282 
61 132 45 298 
65 140 43 290 
71 144 45 238 
71 124 47 230 
67 116 49 238 
71 116 129 102 
59 108 53 282 
39 96 129 262 
53 84 95 226 
51 68 105 350 
45 68 139 322 
47 60 157 334 
43 64 185 326 
51 52 167 358 
43 64 179 346 
73 112 137 98 
69 140 149 82 
61 140 161 86 
65 124 147 90 
71 40 165 326 
41 108 173 150 
27 156 219 146 
33 140 215 130 
33 140 199 134 
67 132 47 246 
69 88 63 254 
75 108 51 250 
85 104 63 190 
43 132 177 106 
43 128 185 110 
39 108 169 158 
37 96 161 206 
37 108 179 182 
35 120 185 162 
35 116 151 190 
37 112 149 198 
33 164 121 182 
41 136 113 158 
55 76 81 270 
75 108 87 142 
47 60 151 362 
47 60 147 378 
63 88 69 230 
71 88 61 238 
53 136 55 250 
67 84 81 206 
61 56 103 346 
57 96 65 270 
55 116 53 306 
57 100 55 326 
55 112 51 326 
59 100 57 318 
51 112 61 282 
49 108 69 290 
49 112 69 282 
53 132 59 218 
53 128 179 90 
57 100 145 122 
59 116 127 114 
51 96 139 150 
55 108 195 110 
47 96 99 234 
39 88 161 234 
45 112 125 166 
41 100 137 198 
37 128 155 158 
47 112 93 186 
47 84 115 218 
45 100 133 170 
35 108 175 194 
45 92 133 194 
45 104 147 162 
55 76 129 190 
43 80 151 214 
37 100 181 198 
31 128 215 162 
43 76 127 246 
43 96 117 214 
49 88 127 190 
41 120 91 226 
53 92 91 190 
47 100 125 182 
55 84 83 246 
59 120 77 174 
47 120 97 178 
51 132 149 102 
43 108 99 254 
59 140 51 266 
61 180 45 234 
63 156 45 234 
49 176 61 234 
55 136 55 226 
57 188 45 250 
43 168 71 234 
61 156 57 194 
53 152 63 202 
51 148 71 178 
79 172 49 174 
47 156 87 162 
53 184 67 186 
63 96 173 118 
47 156 73 182 
39 140 97 210 
55 148 73 174 
49 128 83 182 
37 124 117 206 
55 100 59 314 
55 124 51 314 
53 132 99 138 
41 132 101 190 
31 176 105 210 
39 128 95 218 
41 112 85 298 
51 124 67 234 
47 100 71 290 
49 88 99 230 
49 104 91 210 
45 116 81 210 
45 168 71 194 
41 160 85 194 
29 96 191 286 
31 104 179 238 
33 112 167 202 
39 104 103 246 
33 108 157 210 
31 124 159 218 
31 96 149 258 
33 120 123 246 
31 116 123 278 
29 128 129 258 
27 128 171 218 
33 124 137 214 
27 156 121 258 
41 128 91 202 
33 140 107 238 
35 136 109 214 
35 116 135 226 
29 132 139 242 
25 152 141 218 
29 180 107 234 
31 176 115 186 
35 176 99 210 
33 124 183 170 
41 128 89 222 
39 96 153 226 
41 92 111 278 
35 100 151 230 
41 96 131 218 
39 108 131 214 
47 80 97 270 
39 104 131 222 
45 100 101 226 
51 68 115 246 
35 136 149 154 
39 112 113 218 
39 92 139 242 
33 112 137 266 
25 120 165 270 
31 100 181 234 
35 104 153 218 
25 132 177 226 
41 100 133 206 
39 96 141 238 
31 120 171 202 
33 116 171 182 
31 124 143 222 
37 100 155 226 
31 120 181 198 
25 152 167 194 
25 164 177 178 
27 160 167 170 
39 156 81 222 
37 100 129 258 
37 96 157 222 
47 124 103 170 
37 144 103 190 
37 132 95 246 
37 108 123 254 
33 140 89 250 
105 44 185 226 
39 88 171 214 
61 80 173 150 
51 96 201 134 
29 136 211 150 
31 148 223 134 
53 108 139 122 
55 152 51 234 
67 108 53 258 
59 128 47 282 
33 128 117 274 
35 92 127 290 
39 92 133 258 
53 64 119 278 
33 96 141 322 
45 112 75 294 
57 60 111 286 
69 40 177 310 
39 96 135 250 
41 104 127 210 
47 96 109 198 
41 84 163 214 
61 60 123 246 
45 72 121 266 
31 104 157 254 
33 112 143 254 
37 84 163 262 
35 88 159 266 
39 92 145 238 
39 84 127 266 
41 76 145 278 
37 88 165 234 
39 100 165 202 
57 72 123 198 
59 80 145 158 
43 104 101 230 
45 108 93 226 
53 84 91 238 
41 140 81 210 
35 128 93 298 
37 120 91 274 
95 44 207 226 
79 80 99 170 
77 80 103 174 
73 84 141 134 
69 128 53 222 
67 68 185 170 
35 116 167 178 
31 132 187 166 
39 92 189 190 
37 160 181 98 
41 120 117 186 
45 148 65 282 
51 104 63 250 
49 132 63 226 
55 92 89 198 
49 128 87 174 
55 92 81 226 
65 88 101 170 
59 100 77 214 
55 108 121 130 
45 132 77 222 
65 84 99 178 
37 140 91 234 
47 152 63 234 
75 80 123 154 
43 148 67 250 
51 124 65 242 
55 92 73 250 
53 108 65 234 
61 152 49 226 
57 100 71 258 
81 64 105 210 
49 124 67 254 
53 128 61 250 
57 100 89 186 
71 112 61 202 
47 100 85 270 
57 76 87 246 
71 148 57 170 
63 124 65 170 
47 96 93 246 
79 152 37 254 
67 96 61 258 
79 56 103 238 
53 52 155 366 
51 60 143 314 
51 56 159 338 
59 48 149 326 
53 60 133 322 
65 48 113 354 
47 60 177 318 
27 144 151 218 
35 124 171 166 
69 56 87 278 
69 56 111 250 
61 52 131 314 
43 88 101 286 
37 116 107 258 
45 132 87 206 
65 120 55 230 
49 92 77 318 
31 156 101 226 
33 136 111 238 
41 108 93 286 
39 148 79 226 
39 120 95 250 
49 124 81 202 
49 88 89 246 
61 108 67 210 
53 76 105 230 
55 76 103 234 
59 68 101 246 
59 72 117 206 
79 120 47 222 
55 52 127 370 
51 60 137 330 
67 52 125 270 
69 48 125 270 
53 60 121 326 
49 56 161 350 
51 60 157 310 
45 64 171 310 
57 48 165 334 
49 60 153 326 
51 56 163 302 
57 52 149 302 
43 96 101 266 
49 72 113 270 
77 40 171 270 
99 40 165 286 
41 80 123 286 
47 80 111 246 
39 84 167 242 
49 92 105 222 
39 84 147 246 
37 88 151 238 
33 104 179 202 
33 112 187 198 
35 92 137 274 
47 72 133 254 
37 140 119 174 
35 172 119 166 
41 124 133 154 
39 112 125 202 
43 140 127 138 
39 124 139 166 
65 44 141 306 
49 64 147 294 
53 56 145 322 
63 56 101 342 
55 108 69 218 
43 128 75 234 
51 136 73 178 
43 132 89 186 
55 104 101 158 
51 120 85 186 
39 100 155 206 
41 116 117 194 
41 116 97 246 
43 108 105 222 
51 88 105 206 
37 104 127 238 
43 92 119 226 
49 124 63 258 
57 144 73 166 
31 160 113 210 
55 152 59 214 
63 148 47 226 
43 84 147 218 
31 112 197 198 
63 108 73 190 
47 100 93 226 
71 96 117 134 
61 100 177 114 
43 144 119 142 
37 124 171 150 
49 84 99 254 
53 96 83 242 
61 92 59 302 
63 128 47 274 
63 172 41 298 
59 136 45 290 
65 128 45 274 
63 132 49 266 
65 124 49 246 
35 140 87 282 
55 116 59 298 
61 112 49 290 
37 112 109 354 
49 72 103 350 
45 64 155 334 
43 72 137 322 
45 64 161 314 
45 68 131 366 
53 60 135 310 
43 84 117 358 
37 88 141 270 
43 68 157 338 
41 68 183 326 
49 56 171 338 
43 68 151 358 
77 120 175 90 
71 108 153 106 
63 116 141 98 
41 72 161 334 
43 72 129 366 
29 144 219 146 
67 116 57 230 
73 136 41 246 
45 136 195 94 
51 124 161 102 
37 108 155 202 
73 132 65 150 
77 124 67 150 
45 64 151 358 
49 60 123 366 
57 52 125 374 
77 92 63 226 
49 116 69 246 
59 100 61 278 
53 120 55 306 
45 124 79 242 
43 100 93 318 
51 124 57 310 
43 120 87 250 
45 132 67 258 
55 88 191 142 
53 104 177 122 
49 92 119 194 
35 108 159 206 
35 112 163 198 
51 96 101 186 
43 88 135 230 
49 80 117 226 
53 68 141 214 
39 84 171 226 
41 80 175 226 
49 80 109 262 
41 76 151 258 
45 92 111 234 
47 92 105 230 
47 108 73 266 
63 140 63 178 
55 132 115 118 
49 96 81 294 
69 176 41 226 
59 152 51 226 
47 136 63 266 
37 140 97 226 
61 156 51 218 
65 184 41 242 
61 168 47 274 
43 148 79 218 
59 160 59 194 
51 180 57 230 
27 188 113 206 
33 160 93 234 
45 116 77 258 
53 100 77 250 
47 128 91 178 
43 196 83 206 
33 92 185 246 
37 100 131 250 
39 116 137 186 
29 116 145 266 
33 104 143 282 
37 112 111 254 
27 128 145 254 
29 108 189 262 
27 148 125 266 
31 140 119 230 
35 120 115 238 
31 180 113 198 
41 92 153 210 
43 92 107 246 
37 112 139 206 
47 68 117 286 
61 56 133 258 
49 68 139 258 
37 120 137 178 
45 100 95 258 
39 108 135 210 
27 128 153 250 
25 120 157 286 
27 144 141 234 
27 112 195 270 
45 76 153 214 
31 120 165 214 
27 148 143 218 
27 164 149 182 
35 160 97 214 
37 160 81 258 
35 148 95 234 
41 116 99 230 
33 132 109 258 
35 120 107 294 
35 92 191 226 
53 96 169 134 
51 84 191 154 
33 136 223 134 
51 132 117 130 
63 132 45 290 
67 116 45 266 
33 112 123 298 
37 96 149 250 
53 64 137 270 
33 92 169 310 
43 104 89 322 
37 116 105 294 
59 60 121 254 
43 72 145 278 
51 76 111 246 
63 72 165 170 
39 124 89 302 
75 104 149 106 
75 80 133 142 
75 88 159 122 
69 112 63 206 
59 108 57 258 
59 112 67 230 
57 132 49 282 
49 104 73 274 
47 120 83 194 
55 112 61 242 
53 108 77 222 
69 124 55 210 
49 76 95 286 
55 80 95 238 
59 88 79 222 
65 172 65 162 
65 140 59 178 
61 116 81 170 
67 128 69 162 
81 160 33 290 
83 132 41 238 
55 52 165 298 
33 136 175 158 
65 52 105 302 
41 96 109 282 
51 132 57 282 
41 108 101 258 
53 56 131 350 
57 56 109 342 
45 68 133 326 
63 52 133 290 
63 56 121 266 
55 56 123 326 
43 84 121 310 
47 60 165 330 
49 60 161 302 
33 112 133 282 
35 120 123 222 
31 148 133 198 
43 120 109 182 
61 48 157 278 
43 68 159 314 
51 64 133 310 
67 104 59 242 
55 120 83 178 
43 152 93 170 
47 112 91 210 
39 144 101 190 
47 104 97 214 
27 168 109 222 
43 164 85 174 
69 108 65 214 
65 96 79 182 
73 92 93 162 
75 100 177 106 
53 80 87 270 
51 80 93 274 
57 104 57 294 
63 120 53 238 
53 68 91 366 
59 56 127 290 
43 72 135 346 
41 72 155 338 
37 76 193 334 
79 116 153 90 
37 80 171 342 
41 76 133 346 
41 88 121 318 
73 120 51 230 
65 140 45 254 
73 148 55 166 
47 60 153 358 
47 64 127 346 
51 56 125 366 
59 52 111 342 
41 104 97 298 
59 104 67 238 
49 132 61 290 
35 132 99 254 
53 92 167 142 
37 108 139 214 
49 100 125 158 
49 88 113 206 
55 132 105 126 
67 148 47 218 
61 132 55 242 
33 136 105 266 
31 180 121 174 
35 192 97 206 
33 100 161 242 
33 120 129 226 
29 108 163 298 
31 124 125 254 
43 88 129 238 
53 68 107 262 
49 80 89 286 
39 100 117 254 
57 56 135 298 
45 68 141 298 
51 64 145 266 
29 108 171 294 
27 116 159 286 
47 72 147 234 
31 156 157 150 
35 164 93 214 
43 116 95 230 
45 104 213 134 
65 112 49 258 
61 112 53 266 
41 116 85 274 
57 108 55 266 
43 116 91 234 
57 96 75 234 
49 120 75 214 
53 68 99 318 
51 88 87 262 
63 108 65 226 
65 184 81 130 
65 152 75 146 
61 120 73 174 
67 140 85 130 
63 56 103 302 
49 64 121 342 
65 56 101 302 
59 56 117 334 
47 64 135 326 
63 52 107 306 
35 112 143 230 
51 60 167 270 
55 128 55 274 
29 156 113 270 
31 160 117 190 
29 152 117 270 
31 152 117 214 
75 112 57 214 
73 104 199 106 
59 60 99 338 
37 80 165 346 
39 72 195 334 
65 120 159 94 
37 84 143 354 
39 92 125 298 
69 168 51 182 
49 56 149 378 
49 60 129 346 
49 56 159 366 
45 80 119 298 
57 60 103 346 
49 64 145 318 
51 60 123 342 
59 112 51 274 
39 112 101 278 
33 136 123 226 
61 76 171 158 
47 112 189 122 
33 116 131 246 
51 108 109 158 
69 124 57 202 
29 136 123 254 
37 116 117 242 
33 112 149 234 
49 84 107 234 
43 100 95 298 
53 60 137 298 
47 64 147 306 
29 104 173 270 
49 68 143 254 
29 160 181 134 
33 164 105 206 
47 96 89 258 
51 116 87 190 
85 88 183 118 
75 108 155 102 
57 128 59 250 
59 100 71 242 
49 64 157 274 
51 64 129 334 
67 60 95 262 
35 152 131 158 
29 164 141 174 
77 100 63 206 
69 96 161 114 
39 76 167 346 
35 84 157 338 
33 84 177 330 
67 112 145 102 
33 88 155 338 
51 52 155 386 
65 132 47 266 
25 144 145 258 
51 88 181 150 
45 116 109 186 
69 108 67 186 
41 88 159 214 
51 64 141 278 
31 104 147 290 
55 96 81 218 
77 104 179 102 
81 76 207 134 
71 100 163 110 
35 80 179 330 
69 120 151 94 
29 124 143 298 
59 80 91 218 
81 112 171 94 
65 140 143 86 
69 68 81 238 
61 100 139 118 
47 180 209 70 
81 44 157 238 
49 168 201 78 
49 152 105 142 
61 72 189 162 
57 100 191 118 
29 164 159 162 
63 72 119 190 
69 92 155 118 
51 56 149 354 
51 156 229 78 
37 140 185 118 
53 148 97 138 
43 136 103 174 
25 160 207 174 
91 44 149 234 
57 92 193 134 
51 108 207 118 
69 76 171 146 
77 72 155 154 
45 104 127 174 
63 96 139 126 
67 88 171 126 
77 168 43 214 
45 156 81 174 
93 48 137 222 
63 76 67 254 
57 76 195 162 
51 76 135 206 
35 120 183 166 
87 80 105 166 
73 52 99 278 
55 112 101 154 
83 96 151 118 
47 100 103 202 
53 96 61 342 
55 96 67 302 
53 112 97 166 
49 180 65 222 
75 116 45 258 
35 124 187 158 
55 76 75 294 
77 88 103 158 
83 72 123 162 
51 80 179 170 
47 72 143 246 
55 136 81 162 
79 60 113 218 
61 100 67 246 
59 156 49 242 
85 72 169 146 
37 136 103 218 
67 88 65 250 
73 60 103 226 
39 80 139 298 
87 76 153 138 
45 84 101 366 
71 56 115 238 
43 68 169 310 
31 148 111 246 
71 144 51 214 
55 152 49 290 
85 76 141 146 
73 76 155 146 
55 144 155 86 
29 168 107 254 
63 148 45 282 
89 68 153 162 
57 160 155 82 
61 176 203 66 
41 80 179 214 
53 124 107 138 
73 72 175 150 
67 172 175 66 
79 120 149 90 
45 148 97 158 
81 72 153 150 
51 76 113 238 
73 140 147 82 
71 72 161 154 
85 56 157 182 
55 100 57 350 
37 136 111 206 
59 144 153 86 
51 152 59 226 
59 156 53 218 
59 96 57 350 
55 60 113 342 
63 120 173 94 
51 172 63 210 
55 48 199 318 
75 160 39 270 
59 44 183 346 
53 52 203 298 
53 52 193 310 
27 144 191 186 
81 180 35 262 
73 116 157 94 
57 48 187 326 
73 184 39 270 
67 152 51 210 
75 96 47 286 
75 80 57 270 
47 116 187 114 
49 116 155 114 
51 64 135 286 
43 128 181 114 
31 136 123 246 
31 144 105 270 
71 144 55 202 
67 40 165 390 
65 60 89 298 
43 152 71 238 
39 88 163 230 
43 144 71 258 
43 108 97 258 
31 108 175 242 
29 108 199 258 
27 132 213 210 
53 124 63 242 
43 100 103 254 
45 100 99 254 
49 80 93 282 
61 56 129 274 
65 60 121 234 
