5927
149 315 469 75 
193 331 65 795 
167 67 521 555 
171 291 179 163 
167 135 121 531 
73 99 501 507 
101 311 519 91 
165 331 243 115 
173 159 99 579 
101 79 513 499 
71 343 491 131 
179 315 261 107 
171 199 83 675 
177 323 261 107 
185 231 73 579 
145 67 509 587 
61 331 493 163 
187 323 329 91 
195 239 71 643 
53 343 481 195 
169 319 369 83 
157 287 421 75 
51 319 465 211 
189 319 213 131 
75 331 509 123 
163 179 91 643 
113 75 551 523 
63 323 517 155 
169 151 105 563 
77 95 521 491 
87 303 513 107 
175 211 79 691 
181 339 213 131 
193 319 243 115 
175 187 177 219 
135 123 141 547 
113 175 421 131 
145 299 203 147 
155 239 253 131 
143 167 103 603 
109 151 415 163 
109 279 233 163 
157 255 277 115 
149 199 87 611 
123 107 397 259 
67 263 287 219 
157 231 357 99 
157 219 79 643 
119 99 435 291 
63 287 295 227 
169 243 377 91 
145 247 75 635 
125 91 457 323 
61 283 321 211 
139 87 505 331 
137 83 479 363 
57 299 351 211 
175 251 71 627 
175 271 69 667 
143 79 483 395 
53 291 341 259 
171 231 191 171 
99 151 449 179 
115 283 267 131 
171 239 195 163 
153 167 99 643 
95 119 395 267 
89 279 317 139 
171 303 231 123 
97 107 427 299 
107 95 421 331 
77 271 335 155 
63 271 351 187 
169 219 77 579 
115 91 461 339 
169 299 333 91 
59 283 363 195 
57 307 365 203 
177 283 381 83 
165 267 177 171 
153 131 127 563 
89 123 441 267 
105 283 309 123 
179 275 191 155 
93 107 423 307 
91 279 329 131 
79 295 363 139 
77 275 377 139 
71 283 353 163 
161 139 117 555 
83 111 477 331 
97 307 367 115 
85 107 451 339 
87 307 379 123 
91 103 437 339 
79 315 395 131 
99 99 447 331 
77 295 409 131 
161 135 121 555 
93 315 385 115 
85 103 441 363 
85 91 501 459 
89 87 477 475 
75 107 433 395 
79 95 515 459 
71 103 483 451 
99 347 459 99 
95 335 493 99 
83 295 413 123 
159 203 203 179 
137 155 113 571 
139 187 95 611 
125 123 429 211 
101 275 219 195 
171 251 305 107 
121 95 439 307 
129 279 245 131 
103 147 425 179 
167 247 203 155 
97 315 297 139 
155 255 239 131 
101 115 425 267 
161 175 93 547 
113 99 425 299 
83 263 325 147 
73 287 325 171 
175 283 281 107 
153 147 113 611 
97 131 443 227 
101 303 299 131 
167 271 231 131 
89 135 441 235 
153 135 123 563 
97 287 311 131 
161 151 107 603 
161 259 209 147 
85 287 335 139 
91 111 433 299 
173 267 185 163 
97 287 335 123 
87 287 347 131 
91 299 361 123 
129 143 127 523 
159 211 207 171 
131 127 427 195 
87 263 247 203 
111 127 385 219 
91 295 289 155 
117 107 387 267 
75 271 307 179 
143 135 127 547 
93 131 403 235 
165 147 109 603 
159 219 241 147 
119 143 399 171 
121 303 235 147 
107 135 459 203 
129 267 207 163 
123 175 215 211 
135 235 285 123 
145 199 143 267 
123 139 231 243 
91 199 255 211 
151 203 119 323 
119 131 223 275 
81 207 281 203 
135 243 329 107 
133 123 191 323 
73 211 287 219 
151 263 367 91 
157 223 99 387 
131 119 211 323 
61 227 325 219 
159 219 95 411 
127 103 303 323 
161 255 85 443 
125 87 293 443 
157 267 81 467 
153 75 365 459 
149 239 201 163 
145 135 159 315 
105 235 293 139 
149 255 203 155 
139 147 153 315 
97 215 315 147 
159 167 129 339 
89 235 309 155 
147 271 251 123 
169 179 109 387 
111 123 263 283 
61 235 369 187 
157 279 263 115 
165 179 107 403 
147 299 309 99 
159 203 93 451 
159 291 341 91 
161 211 85 507 
155 267 187 163 
105 131 245 291 
147 271 197 155 
105 123 311 251 
153 279 203 147 
169 163 117 387 
95 119 295 315 
165 163 115 403 
101 111 313 323 
69 239 381 163 
161 287 257 115 
169 171 105 435 
109 103 309 355 
163 195 91 483 
163 199 85 531 
151 131 153 347 
91 119 293 331 
101 275 355 115 
167 143 121 435 
81 267 359 139 
171 143 119 443 
169 155 113 435 
91 107 345 355 
73 247 401 147 
97 103 335 371 
163 179 93 515 
107 91 329 435 
163 175 93 531 
113 87 319 459 
137 131 147 387 
75 119 317 387 
85 251 387 131 
169 151 113 451 
89 103 355 387 
93 95 393 395 
171 159 103 499 
167 135 129 435 
95 247 413 115 
171 139 123 443 
101 263 461 99 
73 115 327 419 
73 111 361 419 
169 143 115 483 
77 103 399 427 
85 287 463 115 
169 139 119 483 
151 159 173 251 
95 183 323 171 
145 231 175 195 
113 139 317 203 
113 203 219 203 
139 163 145 315 
113 135 315 211 
85 207 269 203 
153 183 113 387 
107 127 329 227 
155 191 105 411 
113 111 335 275 
67 239 303 211 
155 207 91 467 
157 259 405 83 
149 223 83 523 
151 207 193 187 
97 147 341 203 
115 247 279 131 
155 235 201 163 
103 255 261 155 
147 143 131 411 
97 243 293 147 
153 151 121 427 
67 239 325 195 
65 255 325 195 
61 227 347 203 
163 235 181 179 
101 127 335 235 
119 263 277 123 
103 259 285 139 
157 167 101 499 
67 247 347 179 
101 111 361 291 
157 139 127 435 
97 103 399 323 
145 131 141 411 
87 119 375 291 
161 275 193 155 
157 135 131 435 
107 283 361 107 
123 143 157 355 
109 171 381 147 
135 135 153 355 
113 151 337 179 
139 163 111 491 
101 239 221 203 
143 175 105 483 
87 215 253 211 
143 195 93 515 
65 255 303 211 
97 159 361 179 
105 135 341 211 
83 255 295 171 
73 251 297 195 
105 127 339 227 
99 131 345 227 
155 147 123 427 
139 131 133 507 
135 127 157 371 
105 171 397 147 
103 159 391 163 
127 155 125 467 
103 139 357 203 
103 131 349 219 
147 139 123 507 
111 267 279 131 
139 131 139 451 
125 139 151 387 
111 147 399 171 
113 127 339 219 
101 135 365 211 
159 235 227 147 
133 135 137 467 
97 135 361 219 
101 147 385 187 
123 147 131 499 
121 143 141 467 
153 179 193 211 
131 135 133 523 
125 199 235 179 
131 179 169 251 
137 151 207 235 
159 207 107 363 
71 203 295 227 
149 143 167 283 
143 155 161 283 
99 195 271 187 
89 199 289 187 
135 251 271 123 
141 191 135 299 
139 259 285 115 
161 199 107 371 
117 127 243 275 
139 279 297 107 
125 115 231 331 
149 155 145 315 
73 227 353 171 
155 251 185 171 
113 127 243 283 
159 159 131 347 
77 251 347 155 
107 127 291 251 
163 147 127 395 
85 131 311 291 
105 259 297 131 
91 255 325 139 
151 139 141 371 
135 167 171 259 
155 219 215 163 
135 159 151 307 
135 175 143 307 
95 203 251 203 
139 243 299 115 
123 243 235 155 
107 239 275 147 
101 243 273 155 
159 183 121 339 
113 135 277 235 
107 247 281 139 
155 251 203 155 
155 263 209 147 
149 139 133 411 
89 131 313 275 
127 243 187 195 
101 231 241 187 
155 183 119 355 
127 143 159 339 
109 171 335 163 
139 163 123 419 
107 131 331 219 
129 247 303 115 
141 155 177 259 
127 163 217 219 
139 167 159 275 
151 235 229 147 
149 171 137 315 
85 199 301 187 
91 135 293 275 
141 191 205 195 
115 191 225 203 
145 179 137 307 
131 159 163 291 
131 211 193 203 
121 195 205 211 
103 131 315 235 
121 219 215 187 
109 163 335 171 
141 219 253 147 
145 183 151 267 
103 195 275 179 
141 195 237 171 
121 231 247 155 
115 179 277 179 
109 151 315 195 
137 195 161 243 
137 167 175 251 
117 211 271 155 
149 227 183 187 
141 171 183 235 
133 191 203 203 
119 167 279 187 
145 319 469 91 
113 303 497 91 
167 163 103 555 
175 311 253 115 
169 295 287 107 
63 323 467 179 
161 311 379 83 
53 311 437 243 
117 75 547 515 
173 155 107 507 
167 207 181 227 
129 139 139 563 
143 287 211 155 
147 179 101 603 
113 275 229 171 
109 99 439 307 
65 279 267 259 
165 227 381 99 
155 227 369 107 
139 231 81 587 
129 91 435 339 
137 83 455 395 
123 87 473 411 
91 135 391 235 
111 95 399 347 
119 95 447 323 
57 323 343 243 
89 111 413 347 
69 271 361 171 
107 295 349 115 
79 115 445 355 
99 99 431 339 
159 151 119 563 
91 107 433 347 
85 107 449 347 
83 119 441 347 
99 87 473 459 
67 123 429 427 
77 119 429 379 
73 115 423 403 
81 107 431 403 
93 339 453 107 
159 203 201 187 
149 159 113 563 
99 263 227 203 
95 271 235 211 
99 267 213 235 
99 271 209 227 
129 279 243 139 
113 139 409 187 
171 259 233 139 
149 147 121 563 
153 151 117 603 
91 275 347 131 
133 147 129 467 
89 267 237 211 
77 275 315 171 
77 279 275 219 
81 267 295 195 
159 151 113 579 
123 175 213 219 
119 163 249 211 
133 223 293 131 
131 223 307 123 
149 187 145 275 
101 195 241 227 
93 191 271 211 
155 195 119 331 
149 203 119 339 
115 131 231 291 
87 199 273 219 
129 119 199 363 
137 131 199 291 
123 123 215 339 
69 235 299 243 
77 203 283 227 
155 251 369 99 
155 259 379 91 
153 247 99 419 
161 227 103 379 
141 127 205 315 
127 131 209 315 
117 103 327 339 
133 107 301 307 
165 247 85 451 
127 91 273 443 
157 259 85 499 
159 251 87 443 
151 79 385 459 
95 203 323 155 
145 271 235 147 
143 259 259 131 
165 187 109 379 
165 191 107 379 
123 123 289 275 
151 203 103 451 
145 195 99 467 
155 279 363 91 
143 267 201 163 
103 115 281 355 
93 123 333 323 
71 235 419 163 
161 191 91 515 
99 279 335 123 
163 143 119 491 
165 143 121 451 
79 255 367 147 
167 163 113 427 
93 115 343 347 
91 115 353 347 
105 99 357 411 
71 127 317 427 
87 115 313 379 
83 239 395 139 
89 111 343 395 
73 123 343 395 
73 115 325 467 
73 127 359 371 
87 99 403 435 
149 155 197 243 
145 151 187 275 
141 255 179 203 
147 227 173 219 
109 139 315 219 
107 223 227 203 
117 191 221 211 
119 147 293 227 
79 207 297 219 
75 239 267 275 
111 235 313 131 
145 219 215 179 
155 231 205 171 
95 251 269 195 
91 235 287 171 
99 247 279 179 
153 167 113 427 
65 223 343 219 
97 143 319 251 
119 271 273 131 
141 143 139 403 
113 151 185 339 
123 155 173 339 
127 139 175 355 
103 179 375 163 
103 163 349 187 
131 175 121 459 
63 275 311 219 
91 155 363 203 
79 243 289 211 
95 131 363 243 
95 143 343 219 
151 151 121 443 
155 143 127 427 
131 123 165 411 
123 127 173 387 
131 135 167 363 
129 139 159 379 
99 143 347 211 
137 135 145 419 
125 131 163 395 
105 139 305 251 
103 135 355 211 
117 147 151 491 
113 147 155 515 
151 183 185 227 
137 191 225 195 
131 211 257 163 
133 151 215 251 
161 215 115 355 
77 187 291 251 
81 199 281 243 
105 207 293 171 
95 183 305 187 
93 195 287 195 
119 115 265 355 
145 155 143 331 
77 223 351 179 
77 215 329 195 
89 139 319 259 
129 163 191 267 
129 167 157 331 
133 155 149 363 
95 183 255 243 
107 195 241 219 
95 215 245 227 
129 243 229 171 
113 223 273 163 
111 147 285 235 
121 159 281 211 
113 255 287 131 
167 243 193 171 
119 243 199 203 
109 247 257 171 
155 167 127 355 
127 151 153 355 
133 155 155 347 
125 139 171 371 
137 159 127 435 
107 131 319 227 
115 255 321 123 
145 171 135 331 
145 183 135 307 
155 183 133 323 
95 195 283 187 
89 207 317 179 
89 195 297 195 
89 143 271 283 
93 131 289 331 
97 139 271 299 
97 131 279 331 
139 187 225 195 
131 207 219 195 
111 191 227 227 
117 195 207 235 
123 215 215 195 
113 139 309 227 
117 227 213 211 
109 163 333 179 
137 207 275 147 
111 211 291 163 
103 191 297 179 
141 207 223 187 
117 223 239 187 
99 163 327 203 
139 191 175 243 
127 155 205 283 
131 159 189 275 
123 223 249 171 
145 235 171 235 
141 239 203 187 
143 223 203 179 
141 179 193 227 
47 351 383 611 
121 295 487 91 
75 327 485 139 
69 315 477 155 
121 131 167 603 
145 275 221 155 
69 267 253 291 
73 263 261 283 
133 211 105 571 
135 87 439 419 
57 275 303 347 
59 275 297 307 
115 99 389 331 
113 99 381 371 
85 99 505 451 
99 91 443 467 
65 131 431 467 
67 131 413 443 
71 115 429 435 
67 119 469 459 
137 199 103 587 
89 267 215 283 
133 267 245 147 
89 255 239 219 
87 255 349 147 
125 163 243 227 
119 175 235 227 
109 179 263 211 
133 223 291 139 
121 235 325 123 
133 215 335 131 
143 171 153 283 
121 159 221 243 
99 199 241 251 
103 199 265 203 
91 187 259 243 
141 215 129 307 
131 119 193 395 
145 127 221 299 
111 135 233 307 
77 219 277 235 
85 203 247 291 
129 135 189 315 
165 203 101 443 
149 223 105 443 
105 115 345 307 
127 95 269 483 
153 243 95 443 
101 207 319 163 
151 275 343 99 
103 127 255 347 
97 151 307 251 
147 259 223 155 
165 151 117 491 
113 99 303 467 
105 99 335 419 
87 115 289 411 
85 107 353 419 
85 123 289 443 
79 131 349 355 
81 111 397 411 
143 235 187 195 
111 223 221 219 
85 191 301 227 
93 263 267 179 
97 239 283 179 
119 155 183 331 
115 163 177 323 
125 143 199 331 
131 131 191 339 
105 207 409 139 
125 199 113 483 
85 167 355 243 
87 175 393 179 
87 135 381 259 
123 139 161 443 
117 131 195 395 
115 139 211 339 
123 123 195 387 
129 139 173 331 
115 131 187 411 
115 139 167 515 
129 215 149 299 
151 203 113 371 
65 215 307 267 
89 179 307 211 
109 183 261 203 
117 119 267 355 
107 115 271 339 
149 147 147 347 
137 143 151 371 
87 183 261 275 
121 231 277 147 
107 147 283 251 
115 267 199 235 
129 171 149 379 
117 139 195 363 
155 175 135 323 
141 151 149 331 
93 191 303 187 
95 151 283 259 
95 143 285 275 
91 139 281 299 
131 207 193 235 
127 199 281 155 
137 207 263 155 
115 167 309 195 
137 183 185 235 
123 167 209 267 
141 215 205 187 
145 235 197 187 
53 315 465 219 
55 279 317 267 
59 283 269 355 
79 127 433 355 
87 107 421 363 
67 107 463 467 
105 263 205 227 
103 263 219 227 
87 251 249 211 
123 171 197 275 
125 175 209 243 
113 191 229 211 
131 203 343 139 
111 155 263 243 
103 183 277 211 
103 179 257 227 
83 199 293 227 
117 111 265 395 
123 139 193 355 
79 231 259 251 
77 219 275 243 
133 147 193 291 
155 263 85 467 
147 243 97 475 
151 259 89 467 
101 147 243 299 
117 107 249 403 
119 103 275 459 
77 123 303 483 
135 207 183 227 
129 199 195 211 
91 191 273 211 
113 159 193 331 
93 187 361 179 
111 159 327 187 
121 211 115 483 
97 223 231 243 
83 163 393 243 
81 167 353 259 
85 171 395 203 
117 127 225 403 
119 131 189 395 
105 167 173 475 
143 203 125 379 
145 139 179 307 
93 167 309 219 
115 167 259 219 
117 119 253 371 
147 155 139 371 
115 235 283 139 
151 167 141 363 
87 203 291 195 
87 195 339 187 
87 179 259 291 
103 139 293 259 
99 151 271 259 
99 147 279 267 
95 135 277 307 
109 215 205 267 
133 219 189 227 
63 287 273 339 
63 271 269 355 
75 143 429 323 
69 119 457 411 
109 263 199 267 
83 251 221 291 
85 159 453 219 
119 183 201 251 
133 191 355 131 
79 199 263 315 
129 143 209 267 
141 251 99 499 
149 263 89 483 
113 111 259 403 
113 115 249 443 
79 143 315 331 
131 199 209 203 
121 203 131 467 
119 227 127 475 
111 231 131 499 
83 175 401 227 
127 119 189 443 
125 119 189 483 
93 175 183 571 
139 227 125 411 
99 171 307 195 
107 171 285 211 
87 203 289 203 
81 179 263 339 
101 159 261 259 
79 155 299 307 
113 199 211 259 
63 275 265 379 
57 291 303 331 
103 299 193 291 
83 255 247 267 
79 163 445 267 
119 163 175 323 
125 163 185 299 
113 191 207 275 
119 159 221 259 
133 187 379 147 
101 183 251 243 
119 171 213 259 
83 151 253 435 
115 151 195 331 
119 207 137 435 
107 235 147 483 
97 227 213 275 
95 235 215 275 
113 131 207 419 
95 159 177 587 
99 171 305 203 
95 171 305 211 
97 171 259 251 
77 163 299 339 
61 279 259 403 
109 175 211 307 
109 155 239 283 
91 163 223 427 
115 119 233 395 
87 123 269 443 
107 159 215 323 
107 139 211 371 
111 175 197 307 
123 195 135 435 
105 151 185 443 
95 171 177 579 
75 187 287 323 
85 183 249 323 
81 171 273 347 
79 147 289 339 
73 155 307 347 
97 139 249 387 
115 203 193 291 
65 235 251 379 
69 275 211 451 
59 175 441 443 
113 131 223 339 
105 155 229 307 
99 147 223 403 
87 167 353 243 
103 139 229 371 
107 179 201 331 
109 219 139 507 
109 239 143 467 
101 159 185 483 
101 151 199 435 
93 167 271 259 
73 163 301 363 
105 223 195 315 
129 99 237 579 
105 139 215 371 
81 211 241 315 
89 147 239 435 
65 179 347 363 
79 151 261 451 
101 143 215 443 
97 147 231 419 
99 135 237 411 
109 247 127 483 
109 211 145 403 
95 175 193 451 
95 163 183 579 
101 135 223 411 
89 155 227 427 
65 163 357 379 
99 139 223 459 
111 131 217 395 
113 247 121 499 
107 243 139 515 
109 235 135 475 
105 255 137 467 
79 179 283 291 
83 171 279 291 
121 103 237 555 
75 259 233 307 
71 219 251 339 
67 279 225 395 
105 195 193 323 
93 143 217 459 
87 151 211 467 
81 159 267 363 
79 167 247 435 
63 175 363 379 
65 183 333 371 
69 167 277 459 
69 171 293 419 
117 247 119 475 
101 239 147 531 
113 235 141 451 
105 247 137 491 
97 255 161 459 
103 231 149 443 
89 283 147 539 
99 155 189 515 
77 183 307 283 
83 163 273 323 
85 183 247 347 
89 159 255 299 
97 131 249 419 
115 107 237 531 
71 271 247 275 
85 243 237 291 
91 231 225 275 
67 231 265 307 
73 243 241 323 
77 223 243 323 
77 259 205 395 
71 243 217 419 
63 291 217 435 
65 271 231 371 
85 211 247 267 
105 199 201 307 
107 211 191 299 
79 167 227 475 
79 159 231 459 
95 155 219 435 
73 159 261 507 
73 167 267 499 
73 155 283 451 
111 251 121 507 
97 283 155 451 
99 271 161 443 
93 275 141 547 
95 291 135 563 
85 295 155 571 
91 231 203 339 
87 183 195 547 
85 159 253 315 
85 159 295 283 
101 119 251 427 
125 103 251 531 
119 103 259 555 
69 231 273 299 
69 255 255 291 
71 247 251 323 
65 235 257 371 
79 259 215 371 
61 287 253 427 
65 311 227 419 
75 311 215 395 
89 207 241 291 
109 111 275 435 
105 199 203 299 
83 167 221 499 
83 155 225 475 
75 163 259 419 
67 179 307 403 
107 251 127 491 
91 263 141 571 
101 263 131 579 
105 271 119 547 
97 235 173 347 
113 235 187 291 
101 227 179 315 
91 187 185 539 
85 139 279 339 
79 171 277 307 
79 167 307 267 
101 123 245 411 
75 227 259 307 
71 223 271 323 
69 243 233 395 
75 239 205 435 
63 319 255 387 
71 255 209 451 
103 111 291 435 
59 195 319 507 
103 259 125 515 
101 263 149 475 
99 263 149 515 
99 279 159 459 
123 211 137 427 
91 279 149 539 
83 299 157 563 
99 219 215 291 
95 227 167 363 
99 227 175 355 
105 227 173 355 
99 215 197 299 
97 191 165 563 
101 215 163 451 
83 235 183 427 
69 215 253 331 
77 243 231 339 
73 239 243 331 
67 255 245 379 
67 263 221 403 
77 223 211 411 
59 319 253 451 
61 311 261 363 
73 311 203 443 
67 239 223 443 
73 263 205 459 
113 219 175 331 
73 171 273 435 
79 159 267 427 
73 155 281 483 
105 271 125 491 
97 271 141 475 
101 295 159 443 
91 291 145 523 
101 255 153 475 
95 275 153 515 
95 223 203 331 
103 231 177 323 
87 227 177 435 
89 243 189 403 
69 235 261 315 
71 203 253 363 
79 251 241 291 
69 247 251 339 
71 251 231 339 
77 235 229 347 
75 239 241 331 
77 231 239 339 
67 239 263 307 
63 259 269 395 
67 259 233 411 
75 279 185 491 
71 163 287 443 
71 163 273 451 
101 299 133 531 
81 239 169 579 
81 251 155 603 
95 279 143 531 
93 211 203 339 
99 227 193 315 
91 211 199 355 
89 227 195 419 
91 243 195 347 
93 235 183 411 
93 235 169 475 
91 255 189 379 
71 247 257 299 
75 235 251 323 
69 255 225 355 
75 251 243 315 
69 255 237 307 
73 243 247 299 
73 239 233 339 
57 219 317 387 
87 147 253 427 
85 167 241 395 
71 159 277 451 
109 219 133 571 
85 235 165 579 
99 283 139 531 
89 231 211 315 
87 211 213 347 
93 259 179 411 
67 275 231 331 
75 259 251 283 
71 243 227 355 
55 239 323 427 
69 175 273 427 
91 275 193 355 
93 223 159 491 
71 239 231 379 
73 251 221 379 
69 279 193 499 
55 251 333 419 
73 187 245 435 
75 259 227 347 
93 275 183 371 
75 255 179 611 
77 259 169 539 
71 271 177 531 
79 251 223 355 
91 287 193 331 
83 271 197 403 
87 267 193 379 
87 275 191 403 
91 267 177 387 
65 263 185 539 
69 271 175 579 
77 263 169 523 
81 271 159 563 
75 259 183 531 
77 287 177 515 
61 307 197 603 
89 275 201 347 
79 271 167 579 
75 267 181 507 
73 295 175 539 
75 295 167 611 
55 267 277 531 
53 287 307 435 
55 267 283 475 
77 295 159 595 
71 287 173 611 
69 283 179 563 
55 271 301 419 
73 283 169 571 
53 291 309 427 
53 263 301 531 
83 275 177 467 
53 279 279 571 
149 303 489 83 
161 327 235 123 
105 79 499 539 
173 203 83 643 
145 71 495 531 
53 339 517 203 
53 307 443 243 
53 331 449 235 
63 323 513 163 
67 335 489 163 
109 183 443 139 
141 87 487 347 
59 291 351 211 
53 307 319 299 
167 299 217 139 
173 291 399 83 
161 275 165 219 
89 267 337 139 
77 283 371 147 
75 275 365 155 
105 351 457 99 
149 199 195 195 
157 211 221 171 
127 123 409 219 
121 119 405 243 
129 275 237 147 
101 167 441 171 
93 139 419 227 
149 255 255 131 
107 115 407 267 
167 187 89 579 
91 111 421 315 
95 291 351 123 
119 127 443 211 
137 123 405 219 
81 259 263 219 
125 107 371 299 
113 103 395 307 
121 119 389 251 
121 103 391 323 
77 275 297 187 
73 259 315 187 
117 199 215 211 
123 179 245 203 
137 227 271 139 
151 195 163 235 
119 151 229 235 
85 207 257 259 
87 207 255 251 
113 147 221 275 
119 139 217 291 
129 231 307 123 
129 131 189 347 
73 207 283 227 
155 219 103 387 
131 127 225 315 
61 219 345 251 
123 103 337 331 
129 95 301 411 
155 251 89 483 
145 227 223 163 
111 235 287 155 
105 231 297 147 
139 143 175 315 
147 267 243 139 
161 191 109 403 
157 179 117 379 
155 223 87 515 
105 127 249 339 
113 119 333 259 
105 103 343 363 
163 183 99 475 
147 143 151 339 
91 115 361 331 
157 175 97 539 
103 99 351 443 
105 95 373 443 
125 83 347 507 
131 147 145 387 
85 131 299 363 
75 139 305 395 
83 119 427 371 
99 243 411 123 
93 255 415 123 
81 123 305 435 
69 131 323 387 
73 123 321 435 
79 115 351 403 
83 111 353 395 
89 191 319 195 
107 211 221 251 
117 183 237 227 
89 199 265 211 
85 203 265 251 
119 115 313 299 
109 107 343 315 
75 227 291 211 
149 235 87 507 
99 255 269 171 
109 239 265 163 
153 159 123 403 
65 243 355 195 
69 251 337 187 
83 127 381 315 
89 115 371 307 
157 143 125 451 
127 143 195 315 
115 147 179 371 
119 167 157 387 
117 159 175 339 
127 151 149 387 
117 199 355 147 
103 227 221 235 
63 259 295 275 
71 255 307 203 
81 271 289 195 
135 143 131 507 
143 119 185 411 
131 127 191 379 
113 179 407 139 
121 163 127 515 
113 147 351 195 
147 135 127 507 
143 147 131 419 
143 127 143 507 
117 139 175 379 
125 139 149 435 
155 231 239 155 
131 139 143 435 
95 151 325 227 
121 163 129 507 
119 147 147 435 
109 147 163 491 
125 199 177 267 
73 187 331 219 
145 143 165 299 
135 163 181 275 
105 195 265 203 
137 195 149 275 
137 199 127 331 
115 131 229 299 
103 143 289 259 
109 135 289 243 
163 155 121 411 
159 151 125 411 
85 139 305 307 
93 259 323 147 
157 127 151 427 
149 147 133 395 
125 163 195 291 
141 163 159 283 
107 235 267 163 
155 163 135 339 
105 235 289 147 
85 151 301 275 
103 235 227 219 
97 239 239 211 
111 255 231 195 
105 231 235 203 
149 179 123 403 
139 179 115 419 
133 171 181 267 
139 175 153 291 
129 163 183 307 
145 179 129 347 
85 191 329 211 
119 191 219 219 
125 151 177 315 
141 199 191 227 
129 223 205 195 
117 187 197 243 
131 191 191 243 
103 139 309 251 
101 167 345 187 
107 175 343 171 
105 163 333 195 
131 207 273 155 
105 175 285 211 
107 155 321 211 
141 187 161 251 
125 199 183 259 
135 163 191 259 
145 151 189 251 
117 207 263 171 
115 219 289 147 
117 211 255 171 
123 147 297 211 
109 163 287 219 
107 79 489 539 
139 299 199 179 
77 267 257 243 
83 259 261 227 
113 199 223 227 
127 223 263 155 
157 207 185 219 
153 191 177 235 
115 151 237 251 
117 163 201 299 
123 143 207 307 
115 151 215 283 
133 219 317 139 
129 227 319 139 
127 127 205 347 
71 207 285 275 
77 195 269 259 
75 211 269 259 
69 211 291 267 
149 227 109 411 
121 127 237 307 
65 211 349 275 
149 259 101 443 
133 91 357 427 
127 95 317 403 
133 99 291 395 
153 247 93 483 
143 251 101 491 
113 231 297 139 
107 207 309 163 
109 115 341 299 
77 219 423 171 
107 123 257 323 
133 163 145 371 
67 143 335 459 
71 151 299 419 
75 139 299 403 
81 127 301 435 
65 143 339 403 
75 131 347 371 
93 199 269 203 
93 123 367 307 
109 203 365 147 
137 115 205 419 
115 179 125 531 
135 119 171 547 
115 143 181 347 
105 163 189 379 
117 139 173 427 
113 143 171 459 
129 151 143 435 
123 155 145 451 
105 155 163 531 
105 159 179 507 
109 159 171 459 
103 171 169 483 
115 163 143 539 
121 175 211 259 
127 167 169 291 
77 175 327 235 
79 179 319 235 
127 175 191 251 
137 219 147 299 
135 211 131 371 
131 183 135 339 
141 187 129 339 
129 199 139 339 
101 147 255 275 
143 143 171 315 
155 147 143 339 
109 215 213 251 
141 195 115 411 
101 207 305 171 
111 195 203 267 
117 203 175 283 
117 167 355 163 
135 203 151 275 
115 79 473 571 
75 155 395 291 
127 223 247 171 
111 167 257 235 
119 139 239 259 
125 215 353 139 
115 139 223 315 
87 191 251 259 
73 219 271 299 
111 127 245 339 
139 95 343 395 
131 107 285 379 
147 259 91 467 
153 275 85 475 
103 115 291 331 
75 147 379 331 
81 119 301 451 
69 123 327 459 
79 135 311 379 
89 207 273 195 
131 115 297 315 
133 127 153 523 
135 111 221 467 
115 171 137 539 
119 191 129 507 
113 195 123 539 
113 159 181 355 
111 139 191 395 
111 139 207 379 
117 155 153 451 
113 143 173 411 
85 155 363 259 
105 163 161 571 
101 163 179 483 
77 171 323 243 
75 175 339 251 
71 215 289 267 
131 175 203 235 
117 239 163 339 
127 215 147 355 
129 223 137 363 
97 159 253 267 
101 235 205 275 
113 203 183 299 
109 219 189 307 
131 211 149 299 
139 203 145 291 
111 79 487 531 
111 83 437 579 
73 167 411 283 
75 159 365 299 
83 255 263 243 
113 139 217 355 
91 175 255 291 
79 243 227 323 
115 123 245 331 
147 247 99 459 
155 259 91 451 
79 147 277 475 
89 215 313 171 
61 263 303 275 
129 123 163 547 
107 183 147 515 
117 195 135 475 
101 199 145 563 
91 167 223 419 
115 139 193 379 
107 151 193 395 
109 143 197 363 
111 151 181 419 
103 151 201 395 
109 151 173 451 
109 151 185 403 
113 139 181 499 
101 147 187 483 
97 171 179 523 
105 167 181 427 
79 179 313 243 
83 171 317 259 
81 175 301 259 
73 223 279 267 
137 171 197 243 
93 175 251 275 
103 179 289 195 
69 179 441 307 
59 147 475 483 
109 175 215 291 
111 159 213 307 
101 151 235 323 
79 255 221 363 
153 255 91 483 
93 163 241 331 
67 143 361 387 
85 219 325 171 
85 239 287 187 
105 131 213 467 
111 151 191 371 
111 159 177 419 
107 163 183 387 
109 143 191 483 
99 163 187 435 
105 147 189 467 
93 183 181 523 
117 195 157 379 
63 231 291 291 
131 187 199 227 
91 155 249 347 
121 171 169 323 
61 159 477 467 
105 175 223 307 
97 151 233 339 
73 215 269 307 
91 175 217 339 
75 151 279 403 
73 151 341 347 
77 223 315 195 
95 167 229 331 
101 139 213 507 
101 191 163 531 
111 159 189 355 
105 159 197 371 
93 167 213 435 
115 207 165 363 
121 207 139 371 
61 247 307 275 
63 219 297 251 
113 227 169 315 
47 331 437 555 
101 159 243 283 
95 147 247 323 
89 171 237 339 
81 191 239 379 
81 163 285 331 
77 159 269 427 
77 223 313 203 
101 151 211 347 
101 175 207 331 
103 139 219 491 
113 183 141 507 
135 215 133 355 
85 167 233 435 
85 171 295 267 
85 175 295 235 
59 243 323 307 
67 207 293 267 
63 215 293 299 
63 235 275 291 
65 231 279 267 
81 183 259 339 
89 223 201 355 
115 247 161 347 
61 163 451 499 
61 163 433 507 
105 159 235 267 
91 155 243 379 
91 159 249 323 
83 191 233 347 
87 183 245 339 
93 135 249 491 
65 171 381 371 
107 171 185 347 
103 159 201 347 
109 155 185 363 
107 151 217 339 
103 191 203 331 
83 191 211 467 
57 251 351 275 
69 211 255 331 
63 227 287 339 
69 247 253 307 
65 239 285 259 
65 251 255 323 
71 239 285 243 
67 235 269 275 
95 135 253 339 
83 147 299 291 
93 207 185 395 
117 227 163 371 
47 319 453 523 
105 155 207 379 
119 115 229 451 
89 215 181 491 
95 167 217 379 
73 199 241 363 
73 207 273 331 
63 223 283 347 
75 235 279 251 
99 135 255 323 
93 143 249 339 
101 139 233 331 
79 159 301 291 
91 211 191 363 
99 207 175 403 
121 115 211 435 
93 163 223 419 
75 203 231 371 
75 195 259 371 
81 199 237 339 
79 239 243 275 
91 147 257 307 
99 151 249 307 
99 143 231 347 
81 211 205 411 
91 199 201 363 
47 347 431 547 
93 171 261 283 
117 119 221 451 
83 231 179 547 
93 203 171 563 
91 171 227 371 
71 207 273 339 
75 235 263 283 
95 139 261 307 
103 151 251 291 
75 159 301 331 
87 207 199 387 
107 111 273 475 
85 227 165 595 
89 215 165 611 
97 159 209 419 
71 203 269 347 
87 259 219 307 
79 267 227 315 
101 131 231 371 
81 163 281 339 
93 223 187 347 
101 255 143 523 
87 219 171 579 
75 231 183 603 
93 235 143 587 
89 143 241 427 
99 139 239 387 
97 159 207 427 
87 147 265 331 
81 163 277 347 
81 143 307 323 
93 195 207 379 
93 235 203 331 
79 255 171 643 
85 155 243 427 
91 143 247 387 
97 151 213 411 
89 279 193 371 
79 175 259 363 
79 191 241 371 
87 139 273 379 
89 163 267 267 
91 215 217 315 
83 143 273 419 
93 147 235 355 
91 159 227 403 
87 187 209 419 
91 263 187 387 
81 271 207 347 
79 175 239 411 
99 131 227 427 
79 175 291 283 
91 171 265 267 
93 151 231 355 
107 151 207 363 
91 151 247 355 
101 147 211 363 
87 159 237 363 
95 143 231 435 
93 155 229 403 
91 187 195 427 
61 215 283 411 
91 259 183 395 
81 263 215 331 
87 175 235 387 
81 175 243 379 
93 139 243 427 
91 147 223 459 
105 127 223 451 
81 183 289 283 
85 159 269 299 
93 159 247 331 
99 151 221 355 
97 155 211 403 
87 171 249 347 
95 163 237 339 
93 151 235 347 
87 163 241 355 
93 183 201 435 
61 211 275 451 
59 231 277 435 
79 271 213 379 
77 267 217 347 
83 263 211 355 
89 167 249 339 
69 175 285 363 
73 167 277 363 
75 191 275 355 
73 267 183 515 
79 235 181 555 
89 171 249 331 
97 159 249 315 
99 167 197 403 
93 163 227 347 
95 163 221 347 
83 171 241 395 
83 179 229 411 
59 231 273 451 
87 263 197 371 
71 187 281 347 
77 167 273 395 
85 215 183 507 
85 203 193 523 
81 207 195 499 
101 171 231 315 
79 163 267 355 
99 175 209 339 
97 171 235 315 
99 167 209 355 
81 183 227 411 
81 243 205 395 
67 195 281 387 
85 227 173 499 
99 175 223 323 
97 163 217 379 
83 167 255 363 
95 163 239 307 
99 175 229 315 
93 179 215 363 
83 187 227 387 
81 287 199 395 
83 219 191 507 
107 175 197 339 
91 155 251 323 
101 179 191 371 
75 195 247 379 
103 187 181 371 
67 275 213 499 
85 207 199 475 
107 191 169 379 
57 267 259 483 
69 267 205 459 
77 231 191 547 
85 215 187 467 
105 207 171 387 
71 255 201 475 
101 207 183 379 
59 227 279 467 
85 207 187 539 
81 259 161 499 
91 255 155 507 
83 247 179 483 
81 279 169 483 
87 255 165 459 
83 255 169 507 
77 243 181 475 
75 291 183 499 
79 283 169 475 
89 275 157 491 
81 243 191 443 
83 235 177 523 
121 191 143 403 
79 247 191 459 
81 263 179 475 
63 231 269 419 
79 271 179 459 
85 275 167 483 
67 211 269 363 
69 231 225 427 
67 207 243 387 
69 251 223 419 
73 211 233 387 
71 215 251 355 
63 259 235 419 
67 199 259 403 
71 227 243 379 
65 195 279 403 
73 231 225 411 
69 259 197 515 
71 195 263 411 
75 259 201 443 
81 239 185 475 
49 347 301 523 
53 331 297 515 
167 123 149 523 
169 319 245 123 
113 83 513 459 
51 311 455 227 
81 331 513 115 
165 163 103 563 
179 211 81 635 
123 131 163 555 
115 187 405 139 
137 299 215 155 
147 171 105 547 
69 263 283 243 
59 283 295 283 
163 231 355 107 
165 251 395 91 
99 155 443 179 
113 271 275 139 
155 183 99 635 
83 287 345 139 
95 267 329 131 
103 99 423 363 
107 95 397 363 
167 227 77 571 
59 279 393 195 
57 295 387 219 
81 139 437 299 
89 127 411 275 
95 303 395 115 
81 119 451 339 
85 303 407 123 
95 87 475 483 
85 99 507 443 
157 191 211 187 
143 183 101 667 
113 279 211 211 
139 247 263 131 
129 279 229 147 
117 99 403 315 
83 263 323 155 
79 287 331 163 
165 155 109 547 
85 275 355 139 
133 151 125 539 
165 223 229 155 
89 267 255 195 
71 271 299 211 
93 143 411 219 
127 299 243 147 
121 267 219 171 
113 187 251 195 
129 183 221 203 
121 183 233 203 
135 235 283 131 
131 143 223 259 
93 211 249 219 
89 207 259 227 
149 199 117 379 
89 207 245 267 
123 139 205 323 
123 139 195 339 
161 215 99 395 
131 123 241 315 
63 231 315 227 
65 215 321 235 
155 79 411 443 
141 139 169 323 
111 243 299 131 
157 239 217 155 
135 151 155 323 
91 211 317 171 
91 239 299 163 
153 263 247 139 
63 231 407 187 
97 143 265 291 
171 171 125 379 
165 163 113 451 
105 119 279 315 
79 215 367 171 
151 147 145 347 
95 115 313 355 
97 111 305 379 
105 267 363 123 
75 259 353 163 
109 99 355 395 
115 91 299 459 
79 127 303 395 
83 247 415 131 
85 247 391 139 
95 247 409 123 
95 263 457 107 
71 127 357 395 
89 179 325 195 
95 183 321 179 
147 203 191 219 
149 223 175 203 
157 243 163 227 
107 147 311 219 
135 163 143 371 
111 143 333 203 
87 211 259 211 
85 223 247 243 
119 115 333 259 
149 247 439 99 
91 167 353 203 
105 143 333 211 
99 143 337 219 
99 247 283 155 
69 255 319 195 
71 243 335 187 
63 219 353 219 
161 251 199 163 
119 251 277 139 
121 271 267 147 
77 219 343 187 
73 231 345 195 
131 135 151 411 
151 167 111 483 
137 167 119 499 
133 175 113 499 
89 219 243 219 
143 207 97 499 
65 255 299 219 
87 251 291 179 
71 271 305 203 
97 139 305 259 
95 139 357 235 
143 123 159 483 
131 127 165 387 
123 167 127 467 
143 139 131 523 
159 143 123 499 
139 147 145 371 
165 247 249 131 
91 143 355 235 
93 135 359 235 
113 167 147 515 
135 139 135 467 
119 139 155 547 
131 123 161 515 
125 199 233 187 
125 195 159 275 
135 175 187 251 
135 159 211 251 
75 191 291 243 
149 151 161 299 
143 151 183 283 
89 195 311 187 
85 187 319 219 
135 203 141 331 
113 135 241 299 
109 139 241 275 
161 175 117 395 
83 131 317 323 
131 167 179 275 
131 167 151 347 
129 163 173 315 
129 195 151 323 
101 235 263 179 
119 151 283 227 
113 259 303 123 
103 235 315 139 
89 143 303 275 
109 231 205 251 
101 215 255 187 
151 195 121 371 
139 163 169 283 
127 163 215 227 
117 175 253 203 
143 235 243 155 
139 187 141 331 
95 135 289 283 
107 191 231 235 
139 227 209 187 
129 215 205 203 
105 139 313 227 
117 207 249 187 
143 223 251 155 
139 203 255 163 
121 187 283 171 
129 207 181 243 
123 219 277 147 
147 239 195 179 
151 247 193 171 
137 163 175 267 
115 163 283 203 
127 183 295 171 
171 311 281 107 
141 291 421 99 
49 319 455 275 
115 91 425 363 
163 231 79 563 
85 287 433 123 
145 183 101 651 
95 287 231 211 
133 267 231 155 
81 251 331 163 
75 295 341 163 
165 151 115 539 
91 263 275 187 
159 203 111 363 
121 147 215 283 
143 287 397 99 
159 211 101 411 
69 231 309 243 
67 207 327 251 
67 199 357 227 
69 207 351 219 
151 307 85 459 
135 83 425 451 
131 135 179 355 
95 231 285 171 
69 223 389 187 
155 279 321 99 
147 147 143 363 
77 259 391 147 
121 99 279 451 
93 235 417 131 
67 143 353 395 
85 187 347 203 
149 223 173 211 
91 219 241 243 
129 111 319 291 
105 155 333 203 
113 183 169 379 
119 151 165 387 
117 151 169 395 
119 139 177 371 
85 215 251 259 
95 231 231 227 
135 207 107 499 
91 143 363 227 
143 111 187 475 
151 139 129 451 
93 147 335 235 
91 147 349 235 
149 191 195 219 
127 127 171 531 
129 135 155 475 
121 199 167 315 
123 215 171 291 
127 195 173 267 
153 195 113 363 
141 163 171 275 
125 127 213 363 
117 115 269 371 
79 143 319 323 
129 179 159 323 
119 219 361 139 
85 163 333 251 
93 151 311 243 
129 147 207 291 
123 151 249 227 
109 179 253 235 
117 175 251 211 
83 175 321 235 
97 131 285 299 
99 131 289 275 
137 191 263 171 
133 199 277 171 
51 303 439 275 
123 91 409 395 
79 287 429 131 
151 163 107 627 
85 267 233 259 
151 211 117 363 
123 151 227 251 
121 139 221 267 
71 223 279 283 
69 187 369 243 
137 79 405 451 
141 91 379 419 
75 247 399 155 
151 179 103 531 
119 95 299 451 
83 187 369 211 
95 159 333 203 
77 219 317 203 
119 147 171 387 
127 123 185 483 
155 175 111 475 
83 211 261 251 
89 159 327 235 
137 115 191 451 
155 139 131 435 
125 143 143 451 
121 207 167 307 
125 187 163 291 
133 179 183 243 
153 179 121 363 
133 199 155 291 
111 151 237 267 
71 147 343 347 
93 139 279 323 
87 159 323 259 
127 267 183 251 
99 219 219 259 
109 179 251 243 
117 159 259 227 
105 207 223 235 
141 179 265 179 
131 195 309 155 
63 275 293 283 
123 91 415 371 
77 283 457 131 
83 271 245 251 
131 83 403 467 
103 131 281 283 
105 139 241 323 
71 255 369 171 
125 91 301 435 
83 135 289 379 
89 155 335 227 
113 151 175 387 
87 155 363 243 
147 111 183 451 
153 143 137 403 
111 223 177 323 
117 203 179 267 
75 147 331 347 
85 167 301 267 
121 255 167 267 
101 199 215 267 
131 191 301 163 
147 191 287 163 
125 187 303 163 
49 311 449 315 
71 251 273 259 
63 271 263 411 
117 135 209 347 
117 151 209 307 
107 139 289 251 
105 171 181 379 
105 159 195 379 
109 147 205 355 
99 211 221 267 
107 215 215 259 
147 107 213 443 
95 179 205 387 
107 131 223 427 
97 155 321 219 
127 199 149 347 
113 211 179 307 
73 155 359 339 
73 159 357 307 
115 251 189 283 
127 267 155 275 
107 175 245 251 
107 199 225 227 
97 191 227 283 
137 163 275 203 
81 263 241 275 
107 151 279 251 
99 167 257 251 
103 155 195 427 
107 219 209 259 
119 223 121 531 
73 155 361 307 
75 163 337 307 
101 223 205 291 
85 159 249 379 
107 151 209 347 
97 167 197 435 
99 183 219 323 
97 159 225 387 
99 187 169 475 
117 243 161 331 
75 159 341 307 
61 191 313 395 
103 171 197 371 
89 179 207 411 
107 155 187 427 
105 179 227 299 
103 151 193 443 
101 171 173 443 
97 155 227 339 
73 175 357 299 
81 139 273 475 
65 175 289 411 
63 195 297 363 
73 167 271 451 
101 171 203 371 
89 183 213 403 
109 151 211 339 
95 179 177 475 
107 139 201 443 
107 223 199 291 
93 143 257 307 
77 171 239 539 
79 235 233 307 
65 187 297 403 
65 207 281 387 
61 203 305 363 
103 183 185 387 
91 175 205 443 
103 155 185 515 
99 179 179 459 
97 187 167 499 
109 211 199 291 
85 147 279 323 
65 183 385 331 
71 163 289 395 
63 187 313 427 
61 219 289 403 
107 139 207 427 
89 199 187 427 
91 167 233 371 
69 183 367 307 
95 231 203 307 
77 179 293 307 
73 195 289 331 
61 195 323 387 
61 223 277 427 
65 191 301 387 
69 183 267 419 
101 179 201 355 
91 187 213 395 
99 151 217 403 
97 183 189 443 
89 187 193 491 
87 179 235 371 
83 179 233 395 
79 151 277 443 
59 203 309 443 
61 195 349 363 
65 187 343 363 
69 187 271 411 
83 203 211 427 
75 183 263 387 
69 179 307 347 
81 187 263 331 
59 203 349 395 
61 195 289 411 
71 219 229 443 
79 163 297 299 
59 187 321 451 
75 175 293 331 
77 171 271 395 
59 179 359 451 
79 167 285 323 
61 211 287 435 
75 323 213 411 
61 247 229 483 
61 239 251 443 
59 263 257 483 
63 231 249 435 
55 259 285 483 
55 295 255 531 
55 291 257 539 
191 351 67 819 
159 335 237 131 
73 355 471 139 
183 311 273 107 
189 247 81 547 
139 71 489 547 
57 323 487 195 
181 311 223 131 
77 99 525 467 
131 123 149 563 
113 175 419 139 
121 183 431 123 
159 227 255 139 
139 179 105 603 
141 211 97 579 
131 107 381 291 
73 283 277 227 
61 299 299 251 
59 303 349 219 
57 283 349 235 
53 319 365 251 
177 271 69 651 
53 275 377 259 
141 179 103 651 
97 123 375 267 
85 267 315 155 
107 107 435 291 
101 107 405 315 
105 99 431 323 
73 271 343 179 
125 91 451 339 
59 283 359 203 
155 251 177 187 
107 103 461 307 
85 95 471 467 
85 91 457 491 
83 107 433 387 
91 95 499 443 
83 99 529 435 
73 115 477 395 
73 103 473 451 
71 107 453 459 
157 199 227 171 
91 255 221 243 
135 263 243 147 
153 159 107 595 
81 139 457 259 
87 127 429 267 
123 167 119 547 
149 219 225 171 
83 251 275 195 
117 123 385 243 
117 291 243 155 
133 263 203 171 
133 239 279 139 
149 191 143 275 
95 199 221 275 
103 191 245 227 
145 187 127 331 
109 143 259 259 
125 135 201 299 
81 215 321 179 
143 131 185 315 
79 223 309 203 
83 207 269 219 
147 271 385 91 
151 231 105 411 
153 231 103 395 
143 247 223 163 
153 235 197 171 
139 159 147 355 
139 147 151 363 
99 207 311 171 
89 235 307 163 
69 223 361 195 
153 215 95 459 
107 139 229 331 
147 251 211 163 
151 263 197 163 
163 179 115 387 
75 223 377 187 
107 103 315 387 
119 111 307 331 
145 143 145 355 
99 115 315 339 
97 111 355 347 
79 231 415 147 
107 99 321 403 
135 135 147 411 
71 123 339 427 
169 159 109 483 
141 227 177 219 
113 211 259 179 
111 199 239 203 
121 211 223 187 
113 143 299 219 
81 215 269 243 
147 183 127 403 
151 183 111 443 
71 231 291 251 
157 203 91 507 
151 207 191 195 
105 163 321 203 
115 259 253 171 
97 271 275 171 
99 255 253 187 
111 263 271 147 
141 163 133 411 
149 151 129 443 
59 247 355 211 
65 231 389 195 
115 271 295 123 
65 267 355 187 
105 279 389 107 
129 131 173 363 
133 139 153 379 
123 139 345 195 
107 227 217 243 
93 243 227 259 
81 223 255 259 
69 247 291 251 
93 251 277 171 
87 271 281 187 
79 259 303 187 
75 255 279 211 
139 119 161 499 
133 143 135 515 
127 139 195 323 
103 179 387 155 
95 151 347 203 
113 131 341 211 
91 139 377 243 
131 131 151 475 
111 139 369 195 
113 155 147 539 
111 151 153 523 
119 143 155 531 
119 159 133 499 
125 135 159 475 
119 219 245 179 
125 211 221 195 
153 191 115 371 
77 203 299 219 
149 151 181 275 
95 207 295 179 
155 183 115 379 
123 123 255 299 
113 147 273 251 
119 119 259 347 
107 151 243 283 
113 131 269 275 
103 247 305 139 
133 171 149 339 
97 203 245 235 
135 235 225 171 
123 239 239 163 
97 243 265 187 
161 175 127 339 
91 139 311 267 
93 139 321 243 
99 251 249 195 
97 235 247 211 
145 175 163 259 
133 171 211 243 
123 171 229 227 
147 203 227 179 
115 191 223 211 
111 191 233 219 
131 167 157 307 
117 211 207 219 
117 239 259 163 
115 175 299 179 
141 183 163 251 
131 183 165 275 
147 231 195 187 
139 75 485 587 
145 75 477 579 
181 307 225 131 
133 131 143 571 
125 127 153 539 
133 247 97 555 
129 275 97 675 
59 299 311 267 
65 299 291 243 
51 263 383 315 
97 123 363 283 
83 255 323 163 
135 95 425 323 
163 239 167 211 
89 95 453 507 
93 91 451 491 
69 115 461 467 
157 203 189 211 
99 243 221 227 
93 259 223 235 
135 263 227 163 
79 143 451 275 
89 131 409 267 
87 279 243 251 
73 247 265 259 
107 175 259 219 
119 187 223 227 
145 171 157 275 
155 187 163 243 
89 207 227 299 
105 199 243 219 
135 227 139 323 
143 191 127 355 
105 163 289 235 
115 151 271 235 
119 151 199 299 
115 151 205 315 
155 299 359 91 
145 271 409 99 
141 103 285 411 
135 219 229 171 
155 243 191 179 
89 235 291 179 
83 227 301 187 
97 123 327 291 
69 231 359 179 
121 115 287 331 
117 95 295 491 
75 143 307 371 
73 131 319 411 
83 123 359 371 
149 167 121 443 
65 239 321 211 
57 259 379 235 
105 179 355 155 
133 155 145 379 
81 231 271 211 
77 259 265 243 
151 115 171 515 
139 119 175 483 
127 135 191 347 
105 151 173 515 
105 175 145 547 
119 151 145 507 
149 183 235 195 
79 211 297 211 
123 119 285 307 
103 163 241 275 
101 243 333 139 
111 187 241 219 
117 187 243 211 
131 167 195 259 
105 183 245 243 
111 179 241 243 
125 151 163 331 
131 207 271 163 
121 203 265 171 
129 195 281 163 
121 227 249 171 
147 195 159 259 
111 207 323 147 
117 163 287 195 
123 119 187 523 
127 135 147 547 
131 263 107 547 
65 299 287 251 
49 291 399 323 
77 263 315 179 
97 87 471 475 
103 83 467 515 
103 239 207 251 
111 267 183 275 
79 155 457 267 
79 151 429 283 
103 167 251 251 
103 163 293 219 
109 159 255 259 
91 203 233 299 
107 191 217 259 
97 187 249 251 
103 179 271 219 
117 147 217 291 
111 159 241 259 
149 291 353 99 
101 131 243 307 
75 123 321 379 
81 143 289 411 
117 235 249 171 
65 191 347 323 
133 131 161 419 
107 231 211 251 
105 235 207 227 
83 251 303 171 
141 115 183 515 
113 163 177 363 
121 143 205 323 
123 135 207 315 
97 175 177 507 
103 167 171 523 
117 171 123 523 
105 187 153 515 
105 147 179 579 
111 187 133 499 
121 127 219 371 
109 123 251 323 
107 123 251 363 
119 163 171 363 
119 147 183 339 
113 159 291 211 
113 175 285 187 
113 183 305 179 
101 87 457 515 
113 83 431 483 
107 87 453 531 
83 143 419 259 
89 259 231 275 
101 159 313 219 
91 203 235 251 
107 203 235 211 
111 159 211 315 
115 167 249 227 
99 143 251 307 
105 147 223 331 
107 139 227 339 
109 139 223 355 
79 159 271 403 
109 215 197 283 
79 247 285 211 
75 279 263 259 
115 127 223 427 
119 131 213 363 
107 179 153 515 
107 171 147 539 
103 183 161 523 
99 211 159 507 
105 159 181 483 
107 139 191 579 
107 195 151 467 
97 199 241 259 
127 135 173 363 
107 171 279 219 
133 119 171 563 
119 271 107 587 
81 147 413 275 
89 195 245 275 
87 215 251 251 
109 167 213 299 
115 163 203 275 
123 135 183 379 
121 131 195 355 
63 231 275 395 
101 151 219 331 
97 123 273 363 
83 151 259 427 
121 99 291 443 
65 159 307 459 
63 159 343 475 
79 131 331 371 
71 211 337 203 
83 179 355 227 
121 183 135 443 
107 215 211 275 
105 183 159 475 
115 243 159 355 
99 119 279 363 
101 167 237 283 
105 167 289 211 
131 111 197 539 
63 279 273 347 
113 279 103 555 
125 279 95 571 
83 167 419 235 
81 271 239 275 
93 179 325 187 
87 215 249 259 
99 159 281 243 
109 175 207 315 
111 179 199 299 
107 187 219 283 
113 159 219 283 
113 171 203 307 
99 147 239 331 
85 135 279 419 
83 127 317 347 
61 167 351 507 
69 163 291 467 
61 183 343 427 
61 187 315 443 
117 187 141 459 
131 119 189 411 
103 155 177 595 
123 135 191 371 
113 295 113 539 
119 231 113 531 
123 275 99 571 
77 243 249 251 
87 263 233 275 
79 275 239 291 
97 191 291 187 
93 179 323 195 
101 163 251 275 
107 187 207 291 
113 183 189 307 
113 167 225 259 
101 159 209 379 
91 139 251 427 
79 183 231 451 
83 203 367 187 
113 183 151 411 
119 183 141 435 
115 107 265 443 
119 119 219 419 
83 195 203 459 
91 159 199 619 
83 195 217 403 
85 199 203 451 
111 127 199 523 
111 175 173 371 
109 111 241 515 
111 107 287 571 
111 287 113 563 
121 275 111 571 
57 279 297 363 
77 223 253 291 
79 239 257 267 
97 191 289 195 
115 175 197 275 
109 171 205 323 
93 175 241 315 
81 195 217 451 
57 183 339 483 
57 191 363 451 
75 159 253 531 
103 183 175 427 
99 207 213 299 
115 107 279 427 
85 199 209 443 
85 183 191 643 
111 123 223 515 
111 115 227 515 
105 183 175 419 
61 271 279 339 
111 279 115 555 
73 167 451 259 
99 195 269 195 
115 187 167 355 
107 167 221 307 
103 171 215 323 
63 167 345 451 
57 207 345 459 
65 155 327 491 
75 207 311 219 
97 227 211 299 
75 187 239 387 
69 207 225 467 
97 207 217 299 
105 115 247 547 
95 195 281 195 
95 183 303 195 
107 179 227 291 
103 179 211 323 
95 163 213 403 
93 131 243 499 
85 139 267 491 
55 195 335 523 
59 195 353 419 
101 211 163 459 
91 171 201 499 
75 183 251 403 
77 179 245 403 
69 195 235 459 
69 191 237 475 
107 139 193 539 
59 259 303 339 
91 183 315 195 
89 179 305 219 
115 199 179 315 
99 215 167 403 
57 199 319 483 
97 191 183 427 
111 191 147 443 
79 187 247 379 
73 175 241 451 
73 195 233 451 
75 215 221 427 
57 267 307 339 
59 267 299 347 
57 255 299 355 
75 167 375 275 
97 191 259 219 
105 175 213 315 
57 187 327 483 
77 191 233 451 
77 175 243 435 
79 207 251 283 
57 179 345 475 
91 195 193 395 
115 171 161 387 
81 199 201 523 
81 207 245 315 
83 207 255 275 
81 215 249 283 
57 175 367 459 
63 203 279 459 
83 199 215 411 
115 187 153 387 
85 187 233 379 
81 187 219 411 
83 215 205 363 
83 227 241 299 
59 167 387 451 
57 195 357 427 
101 215 161 459 
111 187 151 443 
89 187 189 523 
77 195 225 403 
85 195 227 379 
69 183 261 475 
67 187 279 491 
89 199 215 339 
83 203 231 323 
59 187 377 419 
107 195 167 395 
81 211 227 379 
81 195 237 379 
85 191 231 355 
87 219 197 379 
111 195 157 411 
101 211 157 467 
111 191 163 395 
103 159 191 475 
87 199 221 331 
85 211 223 363 
111 203 139 475 
77 215 261 315 
101 211 189 347 
105 223 149 475 
83 223 181 547 
87 171 227 419 
93 163 203 523 
93 167 205 491 
79 167 283 347 
77 183 265 371 
161 71 487 547 
161 275 179 179 
109 79 491 507 
71 339 467 147 
175 211 81 675 
171 315 255 115 
65 339 479 171 
65 311 473 179 
163 295 403 83 
51 303 463 235 
121 75 535 555 
167 159 105 555 
91 295 503 107 
195 303 225 131 
171 175 199 219 
109 155 409 163 
101 291 247 179 
127 119 399 243 
69 255 293 235 
155 235 351 115 
157 247 343 99 
161 219 81 587 
59 283 319 243 
59 283 315 259 
135 83 459 411 
51 303 345 291 
51 319 357 267 
51 299 343 299 
57 299 311 283 
121 295 245 147 
95 283 313 147 
175 299 243 123 
169 295 225 139 
81 115 471 347 
81 123 447 307 
81 287 391 131 
87 95 501 443 
83 99 513 443 
147 191 231 187 
127 199 99 619 
125 267 253 139 
151 243 261 131 
89 135 429 251 
153 143 119 603 
93 275 319 139 
161 231 227 155 
95 283 363 123 
79 299 361 147 
75 259 309 187 
121 143 379 179 
113 135 441 203 
133 259 207 171 
123 143 261 235 
87 203 257 235 
147 227 119 355 
77 215 281 243 
79 195 285 235 
83 215 289 195 
123 131 221 299 
125 123 227 331 
61 219 333 267 
125 107 313 315 
141 143 157 339 
109 223 295 147 
99 219 313 155 
157 163 127 395 
163 195 107 387 
153 283 335 99 
163 287 353 91 
169 191 93 491 
107 131 239 323 
157 119 163 403 
93 115 289 387 
79 263 387 139 
169 191 89 547 
115 99 307 451 
117 95 327 427 
77 131 303 395 
71 135 313 355 
89 115 363 371 
89 103 353 435 
171 159 107 483 
93 251 383 131 
79 115 317 427 
163 155 117 491 
169 163 105 483 
139 159 189 267 
139 211 183 211 
109 203 227 219 
133 179 143 315 
111 147 307 211 
121 151 295 211 
81 207 277 219 
147 215 107 459 
149 203 107 419 
121 111 319 307 
117 107 339 331 
125 111 361 267 
111 119 325 283 
151 247 383 99 
163 219 181 219 
161 247 223 147 
71 239 313 195 
71 203 333 211 
95 135 329 251 
105 271 369 115 
123 159 383 163 
107 191 397 139 
111 235 207 219 
141 195 111 467 
67 259 293 219 
99 143 335 235 
101 171 395 163 
103 187 381 155 
109 147 401 179 
119 159 139 475 
155 175 207 227 
125 171 183 275 
137 163 193 251 
127 179 211 227 
133 143 199 267 
133 159 219 243 
79 203 259 291 
79 227 299 203 
147 151 179 283 
103 191 269 195 
131 239 293 123 
135 251 269 131 
161 183 115 371 
121 107 241 387 
121 115 229 347 
119 115 255 371 
155 167 141 323 
153 239 193 179 
163 163 137 315 
99 139 257 283 
163 163 119 395 
81 131 329 307 
109 271 319 123 
95 247 359 139 
97 263 331 131 
131 179 157 283 
103 227 309 147 
149 199 125 355 
149 135 137 411 
155 155 125 403 
119 239 195 235 
127 251 227 171 
131 243 181 211 
109 239 251 179 
127 155 175 323 
107 163 337 187 
129 255 299 123 
135 147 191 283 
135 151 197 267 
121 179 215 219 
85 179 305 227 
83 195 301 227 
135 211 215 195 
137 171 159 299 
127 171 161 283 
123 167 183 283 
115 227 237 187 
107 175 365 163 
103 203 263 195 
121 175 247 203 
115 171 279 203 
119 167 267 195 
91 283 523 115 
53 291 327 331 
121 295 229 163 
85 119 423 323 
77 135 433 307 
91 91 477 459 
65 127 465 443 
65 139 453 427 
125 223 111 627 
129 183 115 595 
71 275 331 187 
87 147 427 219 
157 219 249 155 
81 147 399 299 
121 135 445 195 
109 159 273 251 
113 155 297 219 
141 235 125 379 
109 155 227 299 
115 131 265 251 
105 143 257 275 
105 151 269 259 
87 195 249 299 
83 211 311 195 
63 211 339 283 
105 211 329 147 
161 179 119 363 
73 155 297 387 
73 147 311 371 
65 151 329 387 
75 143 305 387 
91 191 339 171 
133 179 141 363 
139 183 151 275 
105 143 309 235 
121 115 311 315 
143 235 207 171 
113 199 403 131 
73 271 271 235 
103 155 349 195 
111 167 159 467 
127 167 211 251 
139 151 205 259 
99 183 261 227 
133 107 267 379 
133 103 269 435 
159 175 135 307 
159 163 135 331 
91 135 275 331 
121 191 181 299 
125 263 173 259 
117 139 201 339 
129 175 141 411 
123 147 207 299 
143 135 181 307 
131 143 189 299 
123 151 213 283 
119 187 233 211 
111 195 229 219 
123 171 169 299 
127 183 155 323 
113 167 207 299 
113 179 219 267 
119 191 229 195 
113 187 215 243 
117 191 263 187 
103 211 273 171 
125 175 273 187 
131 179 261 195 
133 91 407 411 
89 103 427 355 
73 131 423 355 
81 143 433 299 
65 119 473 419 
127 231 99 611 
71 275 333 179 
119 151 185 315 
91 187 245 307 
101 147 241 315 
63 171 347 419 
93 243 385 139 
87 199 361 179 
125 207 153 355 
121 119 295 307 
111 231 199 275 
115 267 197 243 
73 199 289 283 
81 179 269 307 
69 219 285 283 
131 219 329 131 
113 119 241 427 
143 103 279 419 
157 183 127 331 
83 127 297 371 
143 163 135 395 
131 147 199 275 
131 155 183 299 
117 191 177 315 
121 167 185 307 
109 179 235 251 
109 195 247 195 
105 187 221 275 
103 191 233 243 
129 175 293 179 
87 111 405 363 
79 135 415 339 
81 127 417 355 
125 259 101 627 
85 167 431 227 
113 171 195 315 
73 191 293 251 
77 179 309 299 
61 179 349 459 
81 135 297 355 
159 171 125 387 
75 199 313 227 
89 163 309 259 
115 251 199 251 
109 243 193 275 
121 131 179 507 
105 159 193 427 
113 183 145 451 
105 175 161 531 
71 179 347 299 
79 195 257 347 
81 175 265 315 
109 119 249 443 
115 103 277 435 
153 187 125 347 
105 143 235 307 
101 179 179 395 
115 123 233 355 
109 179 205 307 
111 207 167 339 
113 187 195 299 
59 319 265 403 
87 215 225 315 
71 187 309 283 
71 199 295 291 
107 147 213 347 
97 163 233 331 
73 159 301 379 
61 171 341 475 
63 167 369 435 
85 187 293 235 
111 207 195 283 
107 131 201 459 
117 175 167 339 
103 171 185 435 
105 163 181 443 
105 163 233 299 
95 159 239 323 
111 135 231 347 
111 123 231 371 
103 215 187 331 
107 215 167 379 
109 199 193 299 
105 183 231 283 
63 311 259 379 
55 295 305 387 
125 227 111 563 
81 235 241 291 
71 183 305 291 
81 147 295 331 
67 147 329 371 
67 155 327 411 
111 199 157 403 
121 207 173 275 
113 227 191 283 
109 147 189 427 
111 131 203 443 
95 183 195 411 
101 167 191 403 
91 175 237 331 
79 139 327 315 
77 159 333 283 
101 207 157 531 
93 255 215 275 
85 231 227 315 
69 179 329 331 
83 187 275 251 
93 167 225 403 
89 163 227 411 
75 151 291 387 
77 147 309 331 
69 159 325 355 
117 215 173 315 
113 227 195 259 
99 147 213 443 
121 159 157 339 
119 183 159 363 
97 163 199 443 
89 175 221 395 
85 131 309 339 
77 139 331 339 
93 251 133 611 
85 235 215 339 
83 183 271 259 
91 167 221 435 
101 159 207 395 
83 171 229 459 
77 155 325 307 
73 167 327 307 
111 203 151 379 
117 219 171 323 
91 271 139 595 
95 247 137 603 
99 263 161 451 
83 187 297 235 
85 167 307 251 
83 179 217 459 
75 151 331 315 
69 159 349 331 
109 199 169 363 
95 179 199 411 
93 171 205 443 
103 199 151 555 
93 183 177 547 
89 167 241 347 
107 191 185 323 
103 199 199 331 
97 247 137 587 
85 223 183 499 
107 195 203 315 
81 175 233 411 
75 171 313 307 
71 163 329 331 
97 155 205 483 
89 163 207 523 
91 167 201 563 
99 179 175 523 
83 167 279 307 
73 207 281 291 
81 183 249 363 
101 255 135 603 
85 199 213 419 
85 187 215 403 
97 163 183 531 
93 163 195 563 
69 203 281 347 
77 247 235 307 
113 211 131 475 
91 183 169 603 
91 167 199 587 
97 179 163 579 
77 203 195 595 
93 171 223 379 
95 139 225 467 
79 207 195 507 
107 223 145 491 
119 207 129 475 
103 179 147 579 
95 195 151 595 
101 191 161 579 
71 199 209 603 
75 191 283 323 
99 191 149 595 
97 203 155 587 
77 183 213 611 
71 195 277 339 
75 215 259 323 
87 239 195 395 
67 155 301 499 
79 179 257 395 
95 131 239 483 
95 147 211 515 
75 187 201 571 
73 199 267 339 
71 183 269 387 
81 255 165 563 
83 183 257 331 
77 179 237 483 
81 231 191 459 
89 203 199 403 
71 155 283 491 
73 203 207 587 
75 203 265 347 
77 187 267 363 
83 255 163 571 
87 183 241 347 
67 191 283 411 
79 191 221 419 
91 155 209 579 
81 171 221 571 
71 223 275 315 
81 195 235 387 
91 147 221 587 
91 151 207 587 
79 179 195 579 
91 151 343 251 
65 215 257 411 
63 207 271 403 
89 143 235 587 
95 147 193 579 
93 159 197 547 
79 191 203 547 
73 207 209 579 
61 215 281 419 
73 187 255 403 
65 199 287 379 
95 151 195 571 
95 163 195 555 
85 195 189 539 
69 215 209 563 
63 211 281 379 
85 147 247 547 
85 159 223 555 
99 163 177 563 
67 199 263 387 
85 155 221 563 
109 155 161 523 
63 191 307 403 
65 167 315 427 
59 207 285 451 
63 199 287 395 
79 207 185 571 
73 183 225 563 
73 191 291 331 
69 167 261 571 
101 167 175 547 
67 183 257 579 
65 187 257 643 
179 279 169 187 
183 303 167 195 
97 87 505 467 
171 319 271 107 
59 351 487 187 
153 283 413 83 
53 295 451 243 
151 211 87 587 
145 211 89 611 
125 123 401 227 
113 119 403 251 
125 103 433 275 
55 295 367 243 
147 79 461 411 
53 287 337 307 
105 155 429 171 
167 311 249 123 
93 111 393 315 
91 275 321 147 
85 107 411 371 
83 103 447 395 
75 119 445 371 
79 111 423 379 
143 171 105 587 
133 183 109 619 
165 239 283 123 
117 267 273 139 
165 251 241 139 
115 103 405 299 
91 131 437 251 
85 135 451 283 
85 251 255 211 
83 263 255 227 
129 187 237 195 
113 155 245 243 
129 135 243 267 
111 147 237 299 
127 131 197 347 
133 123 177 339 
81 219 267 243 
145 275 355 99 
141 115 223 363 
67 211 321 243 
139 103 329 315 
121 103 273 451 
155 255 93 427 
139 83 363 435 
105 223 293 155 
105 227 283 163 
145 251 215 163 
103 223 321 139 
107 115 303 323 
143 263 189 187 
101 127 327 267 
115 119 297 283 
105 119 321 291 
179 187 105 419 
167 159 113 435 
87 251 363 147 
87 275 365 131 
161 195 87 539 
81 131 297 435 
97 95 379 435 
81 111 355 419 
81 115 375 395 
169 151 111 523 
69 123 433 419 
77 115 411 403 
85 195 347 187 
119 151 295 219 
103 207 237 203 
111 211 223 219 
117 203 213 219 
109 191 253 203 
87 215 267 203 
151 179 117 403 
115 115 315 275 
115 111 329 283 
105 123 301 307 
67 255 281 251 
151 215 91 507 
139 195 221 195 
119 235 281 139 
93 243 285 179 
61 223 321 227 
95 115 369 291 
103 271 395 107 
119 139 165 395 
113 183 353 155 
141 171 119 483 
105 231 217 211 
93 219 233 219 
93 215 233 259 
133 215 109 531 
103 167 367 171 
75 255 287 203 
73 247 305 195 
101 139 337 219 
127 131 149 523 
139 127 159 355 
103 143 351 203 
139 135 143 443 
139 151 129 451 
121 135 175 419 
97 147 381 195 
123 195 243 187 
115 211 271 163 
129 195 231 187 
123 183 191 267 
163 195 109 371 
75 187 299 259 
139 155 169 299 
137 151 181 291 
105 179 269 203 
93 187 291 195 
89 179 293 227 
113 123 251 315 
147 267 309 107 
121 111 239 371 
79 235 359 163 
153 175 129 347 
83 139 311 323 
149 167 131 371 
151 219 233 163 
103 219 221 251 
143 231 301 123 
107 227 277 163 
97 243 281 179 
101 227 287 179 
105 243 271 171 
143 239 231 163 
93 131 301 275 
127 235 311 123 
129 155 193 275 
119 175 237 219 
153 179 145 283 
83 199 323 211 
111 183 217 235 
119 171 243 227 
121 159 187 307 
121 171 199 275 
131 219 233 179 
119 203 209 227 
143 211 239 163 
99 183 309 179 
121 223 237 179 
115 179 265 187 
137 175 169 267 
117 211 269 163 
113 199 305 155 
139 191 197 219 
131 199 221 195 
105 175 297 195 
183 283 157 235 
51 299 439 291 
83 91 491 475 
83 99 457 483 
121 123 185 571 
135 239 97 587 
51 315 381 283 
153 87 433 403 
53 271 373 307 
159 303 227 139 
83 123 411 355 
101 91 473 443 
85 103 425 387 
79 115 421 387 
63 143 483 435 
139 183 107 587 
83 251 229 283 
73 283 349 171 
129 107 369 299 
139 255 201 179 
97 211 227 251 
89 215 251 243 
147 235 103 459 
137 111 231 403 
67 195 303 259 
145 107 327 299 
131 95 259 475 
137 87 367 427 
143 87 353 419 
101 119 319 307 
79 127 295 451 
81 123 297 451 
81 235 375 147 
111 207 201 267 
111 211 221 227 
125 111 301 307 
123 111 313 315 
147 195 225 187 
139 239 209 179 
119 235 265 155 
65 223 313 243 
99 119 351 307 
149 119 179 467 
113 159 173 395 
117 147 165 427 
159 187 111 435 
95 191 235 267 
99 203 237 227 
97 187 411 155 
71 255 295 219 
91 143 349 251 
101 151 319 219 
109 167 149 555 
113 143 167 515 
111 143 181 459 
101 187 297 187 
113 119 273 315 
129 115 219 379 
95 151 255 275 
89 123 309 339 
149 175 125 387 
143 211 233 179 
125 175 177 291 
131 179 147 371 
135 223 241 163 
113 235 283 155 
137 163 133 427 
89 247 259 203 
125 167 191 267 
101 187 235 235 
123 175 207 251 
115 171 219 243 
127 159 205 267 
113 207 209 251 
119 187 297 171 
147 223 207 171 
51 291 437 299 
79 95 471 491 
55 299 359 251 
79 123 463 331 
73 143 459 331 
65 135 453 451 
63 163 473 403 
83 263 309 163 
95 263 253 195 
85 191 271 235 
105 219 219 251 
83 219 259 251 
143 107 227 427 
73 187 293 315 
67 187 323 283 
77 207 367 195 
135 99 255 475 
101 227 301 171 
105 219 307 163 
101 107 317 395 
105 143 285 267 
97 135 277 283 
83 131 279 451 
77 151 271 451 
69 231 295 251 
121 167 171 331 
115 183 173 323 
123 179 153 363 
121 155 179 339 
91 179 405 163 
131 135 149 515 
105 175 149 539 
109 163 147 563 
75 195 325 211 
135 107 237 403 
95 163 281 259 
87 171 275 291 
73 167 301 315 
135 187 133 411 
109 187 199 299 
113 207 211 243 
109 199 201 283 
113 207 207 259 
127 107 209 571 
107 91 445 427 
93 91 467 459 
87 107 391 411 
63 171 449 395 
85 259 245 243 
77 235 251 275 
93 175 249 299 
93 175 261 267 
95 167 251 259 
89 191 237 299 
75 175 313 299 
69 187 319 315 
125 95 291 435 
119 99 283 475 
103 111 299 387 
87 151 281 299 
77 159 265 467 
87 111 313 411 
121 183 163 331 
133 127 155 483 
105 163 169 483 
117 135 171 499 
97 135 273 315 
77 179 271 347 
131 175 139 411 
101 167 307 219 
103 183 221 315 
105 187 207 315 
103 187 225 299 
121 123 195 547 
135 115 181 531 
115 115 189 555 
61 175 443 411 
61 179 439 403 
61 143 489 467 
81 227 247 283 
97 167 243 275 
103 171 235 291 
85 175 293 267 
99 215 223 259 
63 199 311 355 
77 147 281 475 
67 171 307 411 
63 183 333 419 
85 111 319 419 
87 111 311 459 
95 163 205 435 
117 135 169 547 
109 147 181 475 
85 207 221 371 
101 191 231 267 
109 127 191 563 
113 123 209 579 
63 151 459 459 
61 143 479 475 
97 179 231 291 
99 175 241 267 
89 167 287 235 
81 123 307 419 
77 123 307 427 
103 211 171 395 
101 207 187 363 
89 151 237 443 
103 147 193 451 
83 151 339 275 
73 167 361 291 
51 255 419 379 
113 131 193 507 
103 151 183 587 
69 103 489 483 
63 155 467 451 
99 243 203 275 
97 187 237 275 
85 179 279 275 
85 167 305 259 
91 155 289 251 
57 195 323 467 
109 163 179 347 
91 223 173 459 
107 167 163 411 
107 187 183 355 
101 147 203 467 
103 139 201 499 
99 159 195 467 
53 247 413 395 
63 135 465 475 
69 107 493 459 
109 239 185 307 
77 223 265 275 
85 219 241 299 
89 183 279 251 
85 159 283 291 
91 159 319 243 
89 175 281 259 
63 223 289 339 
61 207 307 299 
63 227 279 363 
105 183 209 323 
103 191 153 419 
107 167 161 459 
95 159 205 475 
93 167 245 323 
103 131 193 587 
93 131 231 555 
65 127 463 451 
79 159 281 379 
91 175 271 251 
101 199 171 411 
95 187 185 443 
89 231 163 507 
111 167 155 475 
95 171 183 483 
93 163 211 443 
109 159 165 467 
93 175 193 499 
99 167 239 299 
81 167 435 243 
93 135 235 547 
63 155 437 475 
97 251 189 331 
89 147 255 379 
101 239 155 491 
91 175 201 467 
95 167 191 467 
87 171 207 475 
91 175 199 499 
103 167 173 499 
103 155 237 299 
127 111 205 483 
99 143 207 539 
107 123 223 523 
97 223 217 283 
103 259 153 395 
93 247 217 283 
81 151 263 387 
91 159 241 355 
59 243 277 403 
83 187 243 347 
87 187 203 467 
105 151 233 315 
111 115 245 475 
95 115 255 571 
103 255 171 331 
95 271 185 347 
89 143 243 395 
89 143 261 371 
59 255 275 403 
103 135 207 499 
93 183 191 451 
85 167 215 499 
85 179 229 395 
115 111 257 451 
111 119 241 475 
105 119 235 611 
103 219 175 355 
113 251 163 347 
73 239 259 323 
71 239 237 363 
65 243 239 427 
101 143 205 483 
89 171 203 523 
101 211 185 355 
107 219 169 371 
127 275 145 355 
115 267 147 355 
89 155 249 379 
83 207 195 491 
91 143 229 499 
89 195 201 427 
131 107 225 451 
105 235 157 411 
85 183 235 363 
87 195 201 435 
129 103 245 451 
115 271 143 443 
111 275 149 395 
131 99 249 483 
127 263 153 331 
107 255 161 363 
115 295 143 411 
71 223 199 571 
105 239 157 403 
103 263 165 355 
117 291 139 443 
107 235 159 403 
83 263 187 411 
81 291 189 395 
79 287 193 403 
83 203 185 547 
161 323 249 123 
105 79 509 491 
103 83 497 491 
49 319 475 251 
51 323 439 251 
123 75 547 507 
115 75 541 523 
161 151 115 563 
173 331 223 131 
103 275 249 179 
151 227 81 643 
67 295 281 235 
125 87 471 387 
55 295 361 251 
161 235 187 179 
95 263 321 147 
101 291 327 123 
79 119 421 379 
139 187 105 571 
105 283 215 211 
167 247 297 115 
123 275 261 147 
175 231 217 155 
159 183 93 539 
111 107 403 307 
67 287 315 203 
167 271 229 139 
89 111 439 331 
87 287 395 123 
95 291 285 163 
123 263 223 179 
119 271 217 187 
119 175 217 235 
139 223 287 131 
147 223 141 283 
119 143 237 267 
117 147 237 267 
143 227 121 371 
147 211 119 363 
131 251 347 107 
139 239 327 115 
135 131 215 299 
69 215 313 219 
65 219 355 203 
159 207 103 403 
123 103 321 347 
133 103 301 355 
145 267 93 475 
147 79 357 499 
85 243 327 155 
161 199 93 499 
147 203 91 523 
95 147 259 291 
111 123 239 347 
101 123 265 355 
165 175 115 379 
85 135 299 331 
67 267 397 171 
143 143 163 323 
87 119 311 347 
93 115 321 363 
77 247 427 139 
95 111 323 371 
113 95 339 427 
117 91 315 443 
81 127 309 387 
97 99 389 379 
95 99 373 395 
107 251 399 123 
99 235 389 139 
73 127 319 419 
169 147 119 475 
83 271 497 123 
139 215 183 203 
145 223 181 227 
151 183 123 395 
103 139 327 219 
109 135 327 219 
151 199 105 451 
151 259 427 91 
153 207 93 507 
137 235 87 531 
159 195 183 211 
93 159 339 195 
101 275 269 163 
65 255 321 203 
71 223 329 203 
65 235 363 195 
63 231 337 211 
97 119 355 299 
145 139 135 427 
121 147 181 331 
105 175 391 147 
105 167 343 187 
141 179 111 475 
151 159 115 475 
111 235 203 235 
85 219 253 235 
79 211 273 235 
139 135 165 339 
93 151 369 211 
133 127 159 459 
105 167 443 155 
127 135 157 459 
113 155 159 483 
123 135 159 491 
149 159 159 283 
101 191 279 203 
93 183 293 219 
153 199 117 347 
129 111 235 387 
75 231 351 179 
83 219 365 163 
103 127 289 267 
155 159 137 363 
89 131 299 291 
89 243 333 147 
141 187 139 315 
131 179 149 323 
111 131 297 235 
149 155 125 411 
93 135 325 267 
93 127 309 283 
95 135 323 267 
117 255 211 211 
123 239 185 251 
101 175 339 187 
135 171 123 459 
135 159 239 227 
87 147 291 267 
137 211 187 219 
115 203 211 235 
127 207 227 195 
99 131 313 251 
129 235 231 171 
149 171 153 275 
139 183 245 179 
103 159 309 211 
129 175 195 243 
135 171 203 243 
123 203 239 187 
151 295 451 83 
51 291 451 259 
123 75 525 555 
119 75 537 515 
131 119 167 571 
75 251 261 283 
87 143 413 243 
85 119 417 339 
121 95 407 339 
85 115 443 355 
75 111 429 395 
69 115 495 451 
65 139 447 451 
65 123 457 475 
135 195 111 611 
153 187 97 515 
117 103 457 291 
87 251 319 163 
149 219 201 179 
127 151 379 171 
131 211 321 147 
141 215 273 147 
151 207 157 259 
151 215 141 291 
141 215 121 395 
79 199 265 267 
75 191 289 283 
79 207 263 275 
59 235 347 227 
63 215 345 267 
69 207 333 243 
73 207 343 203 
153 191 111 411 
137 103 271 427 
141 271 99 491 
143 247 201 187 
109 239 327 131 
97 219 311 163 
89 143 269 291 
83 135 311 347 
77 231 383 163 
73 223 431 179 
75 239 461 155 
85 127 329 339 
87 127 327 323 
93 119 291 371 
79 235 435 139 
103 99 323 467 
103 243 417 115 
113 251 493 107 
69 143 315 387 
109 219 245 195 
73 219 273 275 
145 195 125 403 
103 147 305 227 
155 191 99 483 
125 243 109 539 
119 231 285 147 
69 255 315 203 
63 275 329 211 
157 155 117 539 
99 291 377 115 
115 163 199 315 
115 143 201 339 
121 143 203 331 
109 163 187 339 
75 207 281 275 
113 167 151 499 
89 151 367 227 
107 155 179 475 
107 159 171 475 
71 191 337 267 
89 175 321 227 
121 123 227 403 
91 227 385 155 
127 171 209 259 
109 127 271 291 
107 147 295 243 
115 123 301 267 
109 147 281 243 
145 159 127 419 
93 243 271 187 
81 195 307 227 
85 143 311 267 
87 155 285 283 
119 211 197 235 
109 231 291 147 
115 199 209 259 
121 191 205 235 
113 219 285 163 
129 75 487 563 
67 295 265 299 
61 287 285 315 
83 151 377 251 
123 99 399 323 
73 123 433 379 
63 147 449 491 
125 171 235 219 
123 191 193 251 
117 175 243 227 
115 151 251 243 
125 135 199 347 
77 207 267 307 
79 215 243 307 
75 203 271 315 
57 239 347 291 
83 203 325 203 
147 203 125 363 
107 123 261 299 
99 139 247 339 
109 115 267 387 
73 243 423 155 
89 127 311 323 
73 131 311 459 
69 151 307 411 
71 155 311 371 
129 195 137 419 
65 199 343 299 
111 231 319 139 
113 147 193 379 
111 223 209 251 
87 163 321 259 
109 167 157 531 
71 191 359 259 
87 187 287 227 
101 167 313 211 
91 175 301 227 
85 203 387 179 
113 155 267 235 
97 231 267 195 
129 155 275 211 
81 151 317 291 
89 127 315 299 
93 127 351 267 
119 223 171 315 
117 187 189 275 
111 175 293 203 
55 267 325 283 
79 159 383 275 
83 163 355 259 
81 123 433 371 
63 151 451 467 
67 219 267 347 
57 251 341 331 
145 119 201 355 
83 143 277 331 
79 155 277 395 
83 151 269 347 
93 163 239 339 
99 143 237 339 
97 127 241 427 
109 103 297 427 
125 199 139 427 
111 147 199 323 
105 167 221 315 
119 207 195 243 
117 147 157 451 
109 147 187 467 
83 187 285 243 
113 119 239 467 
109 163 277 235 
119 207 165 339 
111 215 179 323 
115 167 265 211 
57 267 339 275 
59 151 427 539 
105 175 267 227 
55 247 337 347 
57 255 335 315 
141 131 197 315 
79 163 287 347 
83 147 267 355 
89 139 263 395 
107 155 229 299 
111 119 253 395 
117 115 237 387 
93 131 255 451 
105 107 307 443 
67 159 315 419 
133 231 107 491 
99 243 217 259 
101 163 307 227 
77 147 317 323 
119 207 163 347 
115 223 187 291 
115 175 183 299 
111 159 257 243 
55 263 355 307 
71 215 277 323 
83 191 243 323 
55 255 309 395 
75 179 265 395 
109 147 219 307 
107 103 309 475 
87 143 251 475 
125 235 135 427 
107 127 217 467 
89 231 233 243 
99 203 159 555 
89 175 259 275 
111 159 255 251 
63 279 261 387 
77 191 237 387 
77 187 279 291 
79 211 231 323 
79 183 257 355 
71 179 267 419 
87 143 243 483 
129 239 133 419 
123 227 127 435 
113 123 213 491 
99 143 213 499 
113 135 197 467 
103 127 229 467 
85 235 241 283 
95 215 231 259 
79 215 229 315 
111 135 189 515 
85 171 215 491 
99 143 217 435 
67 203 285 291 
87 223 221 307 
87 219 211 347 
103 155 227 315 
87 135 261 475 
127 235 137 419 
131 215 117 459 
103 231 201 291 
81 219 219 323 
99 143 211 507 
93 151 229 419 
97 175 205 419 
71 219 281 299 
101 183 227 291 
115 219 165 347 
77 207 219 403 
79 199 249 355 
109 179 181 315 
63 179 357 379 
127 227 119 459 
99 151 197 475 
97 123 255 523 
65 219 291 339 
87 175 275 275 
79 187 233 419 
87 195 225 363 
85 199 219 379 
119 187 175 307 
107 175 217 299 
113 203 175 339 
133 215 115 467 
131 215 129 427 
125 223 123 459 
87 227 211 339 
73 203 231 435 
91 223 213 331 
109 183 211 299 
85 147 251 467 
63 179 345 403 
129 227 113 459 
133 211 113 475 
131 211 127 435 
129 219 117 443 
71 183 249 539 
101 211 165 403 
95 219 179 411 
87 207 237 299 
91 207 199 379 
93 195 235 291 
83 207 203 403 
87 179 225 411 
73 171 257 491 
79 219 217 371 
83 175 239 363 
81 179 229 443 
81 191 241 347 
83 183 249 355 
83 187 247 315 
87 191 229 339 
89 171 209 451 
75 227 225 395 
83 231 199 411 
89 183 221 355 
87 191 227 379 
85 199 229 331 
83 203 225 355 
95 183 209 347 
89 195 229 307 
107 183 199 331 
83 207 229 347 
79 211 225 395 
87 163 231 435 
107 187 203 323 
107 195 207 283 
105 215 205 291 
79 267 203 435 
113 191 197 283 
99 195 201 331 
87 167 221 443 
101 199 189 371 
79 279 199 411 
101 187 209 307 
97 203 197 323 
101 191 207 299 
93 187 211 307 
105 195 177 331 
59 231 267 467 
109 195 207 275 
93 187 209 315 
97 195 219 275 
55 235 291 483 
89 195 209 355 
95 183 219 331 
103 183 195 347 
91 191 233 307 
97 203 229 267 
103 195 205 307 
95 199 195 339 
87 207 211 379 
103 211 213 283 
99 207 203 307 
89 207 197 387 
57 219 305 467 
87 207 213 371 
91 215 225 291 
55 239 303 467 
95 207 177 435 
83 179 225 419 
103 299 527 91 
169 167 99 571 
107 83 511 483 
97 83 515 531 
71 327 469 147 
69 323 521 147 
65 299 503 155 
63 307 515 179 
139 123 143 531 
127 115 169 587 
157 247 247 139 
145 167 103 587 
115 159 421 155 
149 219 371 123 
155 219 85 675 
61 283 317 219 
145 91 503 315 
95 159 471 187 
105 119 403 259 
89 127 389 283 
165 299 229 131 
109 99 401 331 
165 267 175 179 
103 275 325 131 
93 107 417 339 
95 103 417 371 
85 103 429 379 
79 99 497 475 
97 87 461 507 
135 163 121 571 
137 155 123 531 
141 187 95 595 
97 315 281 155 
153 259 249 139 
155 251 243 139 
109 103 435 299 
107 103 423 315 
83 259 317 163 
167 287 291 107 
97 143 451 211 
155 199 229 171 
135 127 405 211 
137 131 423 203 
89 259 267 195 
113 107 405 283 
129 239 301 131 
119 147 229 267 
85 207 261 235 
121 131 217 307 
85 195 277 219 
83 211 271 211 
79 203 281 243 
87 191 279 219 
137 119 195 379 
77 199 273 251 
151 207 107 395 
151 211 103 427 
155 219 101 403 
131 139 185 307 
143 119 237 315 
135 131 213 307 
135 115 291 323 
157 255 89 459 
149 79 329 467 
153 75 361 475 
111 143 223 307 
145 279 215 155 
97 115 323 347 
115 107 319 347 
101 107 353 347 
133 131 145 443 
85 119 309 363 
167 151 113 467 
163 159 113 475 
169 159 103 515 
99 247 495 107 
103 255 481 99 
81 107 395 443 
71 111 433 419 
73 107 423 411 
157 171 169 259 
145 231 173 203 
85 215 309 179 
163 187 107 395 
111 115 345 267 
77 243 305 187 
75 263 307 187 
153 231 99 451 
147 247 91 507 
149 215 211 179 
99 151 323 219 
93 235 263 203 
157 159 129 395 
97 127 333 251 
123 279 263 139 
123 271 265 139 
155 175 101 491 
71 255 333 187 
99 119 379 283 
85 127 353 299 
83 139 363 291 
103 291 379 107 
111 287 351 115 
119 155 159 371 
119 159 343 171 
135 175 113 491 
99 251 219 235 
139 187 107 483 
143 171 109 483 
143 191 103 475 
137 199 111 475 
89 223 251 211 
97 211 239 227 
83 223 253 251 
141 211 101 539 
133 195 119 475 
79 247 303 195 
149 123 157 491 
117 279 257 147 
135 143 141 451 
119 151 153 395 
113 143 389 179 
159 231 231 155 
93 151 403 203 
117 159 133 507 
127 147 133 483 
111 163 157 483 
117 155 143 467 
125 175 189 259 
131 147 227 243 
137 159 221 227 
131 259 289 123 
141 175 143 299 
133 111 253 339 
83 223 335 171 
71 235 345 195 
99 139 311 251 
105 135 309 243 
81 139 311 331 
101 247 331 131 
131 151 195 291 
135 159 149 355 
131 191 151 307 
101 207 231 211 
99 203 245 219 
129 255 257 139 
107 227 271 171 
155 191 121 331 
105 147 297 251 
121 227 195 203 
127 239 209 187 
123 251 187 235 
137 151 153 331 
121 151 161 387 
111 175 325 179 
137 167 129 387 
123 163 225 235 
123 151 251 219 
145 243 251 147 
93 199 307 179 
137 179 239 195 
137 223 189 211 
125 183 207 219 
147 203 243 163 
105 191 303 171 
117 187 245 195 
115 199 279 163 
141 167 205 235 
139 203 225 187 
137 179 205 211 
141 175 217 203 
65 107 469 499 
119 79 457 499 
105 83 487 491 
151 299 441 83 
69 295 529 155 
129 123 167 539 
153 119 159 555 
127 119 173 563 
147 159 109 587 
111 263 237 179 
113 267 227 187 
57 279 357 243 
57 275 317 275 
109 119 407 251 
101 275 335 123 
155 239 81 579 
133 211 109 555 
145 187 97 539 
137 191 105 619 
95 243 207 275 
95 247 217 251 
97 263 203 267 
165 187 237 187 
103 107 409 299 
119 275 219 179 
125 255 221 179 
139 167 237 203 
125 227 323 131 
117 155 269 227 
113 163 227 267 
113 151 231 267 
121 139 211 323 
143 115 207 403 
73 199 291 275 
75 207 275 291 
77 211 267 291 
145 215 113 419 
129 135 195 299 
137 115 257 323 
61 223 301 299 
123 107 299 339 
119 107 291 355 
143 83 333 507 
121 95 297 419 
125 103 303 363 
93 131 263 395 
119 99 279 499 
87 123 281 379 
105 239 463 115 
157 163 105 499 
79 247 321 179 
141 243 103 459 
99 263 279 163 
121 263 275 139 
87 123 363 315 
137 191 113 451 
91 251 237 235 
87 239 245 251 
95 239 243 203 
85 223 259 227 
117 159 153 427 
125 131 161 443 
119 127 183 403 
123 139 163 427 
85 139 377 251 
109 171 143 483 
119 143 157 523 
131 151 135 427 
119 179 211 267 
137 155 171 299 
125 183 159 315 
123 175 167 299 
127 139 219 275 
77 139 329 347 
127 155 197 299 
99 215 235 227 
109 207 257 187 
111 219 267 179 
145 207 125 347 
149 207 119 331 
109 171 299 203 
137 159 141 395 
123 159 291 195 
113 167 265 219 
73 215 319 203 
127 203 217 203 
105 183 283 187 
107 155 303 235 
111 207 297 163 
121 207 285 155 
115 199 263 179 
147 187 239 187 
65 123 437 507 
143 75 467 595 
143 271 423 99 
51 311 437 275 
123 115 203 539 
121 131 175 571 
97 263 213 251 
97 231 203 283 
139 147 253 227 
79 191 283 267 
129 131 217 299 
63 227 291 307 
129 111 297 323 
111 119 255 371 
93 127 291 323 
121 95 283 491 
115 127 211 451 
87 123 279 427 
97 227 531 139 
137 207 109 427 
107 171 179 403 
133 203 131 427 
131 215 119 443 
87 251 263 203 
89 211 245 259 
119 135 177 427 
117 163 157 419 
107 155 183 435 
117 135 185 435 
129 167 133 435 
111 175 161 435 
121 167 195 283 
99 231 213 267 
101 183 241 251 
109 183 241 243 
105 207 269 187 
145 207 123 395 
147 203 117 387 
145 215 119 371 
115 227 215 211 
109 167 263 235 
117 159 269 219 
127 211 189 243 
115 203 253 179 
113 171 307 187 
113 179 315 179 
95 179 291 219 
101 155 289 243 
95 163 301 235 
63 147 413 507 
55 259 469 299 
123 107 219 531 
61 279 295 315 
79 127 441 347 
81 123 443 347 
101 259 199 275 
105 219 203 267 
99 235 201 291 
99 247 199 283 
83 175 435 219 
79 211 279 227 
75 219 255 315 
137 211 335 139 
71 219 285 267 
125 95 285 475 
91 227 527 147 
111 231 435 131 
109 231 453 131 
135 219 125 427 
137 199 121 435 
133 207 123 451 
131 211 123 443 
129 235 125 427 
87 167 363 219 
105 167 187 403 
107 179 173 403 
103 187 161 507 
129 179 139 427 
105 183 167 467 
101 159 297 235 
121 159 313 195 
111 183 253 227 
123 147 273 219 
117 195 187 291 
113 215 193 291 
109 223 263 179 
65 135 409 475 
55 307 467 227 
107 111 259 523 
125 111 215 539 
129 115 183 531 
55 243 433 331 
59 275 281 323 
93 247 199 291 
103 243 185 307 
103 247 193 299 
73 203 277 299 
75 215 263 299 
79 195 255 363 
95 131 247 427 
131 231 127 427 
133 215 131 419 
107 179 175 387 
87 159 367 219 
107 159 187 371 
105 175 177 419 
63 155 417 483 
107 115 255 523 
107 111 267 515 
57 235 439 347 
93 247 197 339 
75 191 281 339 
71 199 261 371 
59 247 321 259 
101 163 237 307 
115 107 259 459 
131 219 111 435 
87 159 369 211 
93 151 345 219 
99 199 169 427 
75 191 269 371 
77 171 293 323 
61 227 313 251 
133 235 121 419 
107 175 181 363 
85 175 333 219 
97 219 173 443 
113 199 161 379 
81 151 289 331 
79 183 269 331 
91 179 251 315 
77 179 281 323 
63 199 331 347 
59 207 291 355 
81 135 287 427 
131 251 133 411 
133 235 123 387 
111 171 175 347 
99 187 191 339 
89 163 319 251 
91 167 311 219 
93 155 331 235 
103 143 319 227 
101 147 327 211 
87 167 361 235 
77 167 289 347 
65 187 349 355 
79 147 303 315 
79 139 311 347 
67 175 315 339 
65 219 275 355 
111 111 269 475 
95 195 191 379 
91 179 215 371 
73 163 369 299 
73 179 291 347 
75 195 273 339 
53 223 423 443 
69 195 291 347 
95 175 209 355 
87 183 231 371 
99 171 195 379 
71 175 361 299 
95 227 157 483 
97 135 233 459 
81 163 311 275 
65 191 305 363 
71 171 277 419 
69 187 297 331 
65 223 283 331 
85 211 191 483 
93 239 155 523 
97 131 237 459 
67 175 309 387 
67 203 283 355 
67 191 289 355 
67 191 321 323 
81 167 255 387 
67 227 273 339 
65 207 301 307 
81 183 241 387 
81 203 221 395 
93 147 223 435 
93 159 225 419 
87 191 199 475 
89 123 259 443 
91 147 233 451 
71 175 283 371 
81 159 279 347 
69 195 297 323 
67 199 293 307 
65 203 297 355 
91 175 337 211 
89 167 343 219 
95 151 223 411 
95 139 247 395 
89 183 199 443 
95 131 243 475 
85 127 269 459 
71 179 303 339 
71 159 303 411 
51 215 397 483 
57 239 279 435 
61 247 275 347 
63 207 305 339 
69 199 299 299 
81 155 259 443 
95 191 179 443 
95 151 207 515 
85 147 259 387 
51 223 407 467 
53 207 397 499 
67 239 241 419 
57 235 267 443 
65 191 309 331 
91 175 215 419 
71 187 263 435 
69 203 233 491 
79 199 199 539 
97 147 207 491 
51 219 393 547 
63 239 265 403 
67 195 299 339 
81 207 217 387 
81 155 251 467 
69 215 215 483 
71 187 237 515 
73 219 211 459 
71 179 265 451 
55 231 359 507 
69 231 241 395 
71 195 297 315 
81 147 259 515 
71 171 271 507 
71 175 259 459 
77 203 203 547 
77 247 193 451 
69 235 217 475 
57 203 283 499 
63 171 287 435 
51 235 425 435 
51 219 425 451 
53 247 377 491 
81 139 261 547 
77 163 251 419 
65 243 211 507 
59 199 271 523 
75 259 191 491 
75 223 219 443 
55 219 289 515 
61 215 271 499 
67 171 297 427 
71 167 279 443 
53 239 391 459 
89 135 247 547 
73 179 247 443 
75 171 269 411 
73 175 253 419 
65 195 249 515 
69 187 253 515 
67 207 211 507 
61 211 267 507 
59 199 263 531 
63 195 281 499 
55 247 283 515 
55 215 315 547 
59 199 275 475 
77 211 241 339 
71 235 225 387 
83 179 211 491 
73 191 219 515 
67 191 255 507 
71 191 245 467 
59 223 273 507 
57 215 273 531 
59 207 251 531 
67 183 265 547 
85 239 185 419 
83 191 223 403 
63 195 285 451 
77 235 227 371 
71 231 247 355 
75 147 265 579 
81 151 257 563 
75 171 249 483 
59 231 255 523 
57 223 259 547 
57 231 245 563 
63 179 271 547 
61 191 293 555 
83 215 193 499 
87 147 239 587 
75 183 233 491 
71 187 243 499 
77 203 223 451 
83 199 205 451 
71 203 213 475 
67 223 201 515 
79 215 203 467 
53 223 285 563 
63 187 259 547 
65 183 269 555 
67 183 281 499 
61 183 299 547 
79 155 225 579 
77 183 233 475 
83 163 247 403 
67 215 221 483 
81 199 213 443 
71 203 225 467 
71 243 187 515 
79 223 197 467 
75 199 205 459 
69 167 267 531 
65 187 267 539 
61 199 253 555 
65 191 257 555 
81 207 235 363 
83 147 243 563 
77 155 227 579 
89 175 203 491 
65 203 251 475 
71 195 229 483 
75 187 225 459 
71 195 227 515 
69 207 221 475 
65 207 219 491 
65 231 193 547 
59 231 219 571 
61 223 203 531 
73 247 193 499 
81 247 175 531 
75 243 189 499 
71 211 201 483 
65 199 241 483 
77 155 267 555 
65 187 269 515 
65 183 283 515 
79 207 237 355 
81 223 215 371 
75 151 265 563 
79 155 233 571 
91 183 193 491 
73 199 223 499 
63 207 235 443 
71 227 207 475 
67 203 217 499 
75 179 225 499 
75 207 201 491 
73 215 193 523 
65 243 187 587 
61 207 229 515 
69 199 217 539 
61 235 219 523 
65 223 205 515 
69 219 209 539 
71 235 197 523 
73 231 201 467 
65 219 227 451 
63 203 229 499 
79 203 205 435 
65 203 259 467 
65 191 269 435 
69 175 271 467 
69 171 265 539 
61 195 281 507 
73 227 237 363 
81 223 217 363 
75 163 239 563 
71 199 257 411 
69 187 255 451 
73 187 237 483 
63 215 253 435 
67 207 239 435 
67 195 249 435 
75 171 253 451 
83 219 199 451 
67 199 237 499 
79 187 219 515 
57 239 243 539 
61 219 223 523 
73 191 231 507 
73 199 225 443 
73 219 235 371 
75 247 221 395 
81 215 223 347 
87 215 231 291 
77 227 249 307 
81 147 243 571 
81 155 235 531 
85 167 211 539 
81 235 199 435 
89 203 179 507 
75 239 191 587 
63 259 185 563 
79 179 223 523 
59 239 257 507 
55 255 259 539 
55 251 269 579 
91 139 243 523 
69 227 235 411 
83 223 217 323 
77 223 223 387 
83 215 243 291 
75 167 235 555 
83 215 189 539 
85 219 175 571 
63 259 195 531 
67 251 191 547 
71 259 181 539 
59 251 235 523 
59 263 229 523 
69 239 241 363 
75 219 229 387 
85 247 231 291 
79 247 241 299 
87 207 177 531 
63 255 207 507 
59 279 207 563 
75 251 181 563 
59 259 253 515 
75 219 223 411 
77 227 237 355 
71 263 199 507 
63 259 225 491 
81 243 177 563 
63 267 223 499 
75 235 199 451 
89 223 215 331 
83 247 235 291 
83 247 197 411 
75 231 193 459 
85 255 239 259 
83 247 241 283 
85 235 197 419 
73 235 217 451 
85 231 191 427 
91 247 185 411 
57 339 479 195 
165 163 101 643 
129 71 511 531 
65 315 491 171 
67 331 495 155 
167 335 231 123 
157 243 251 139 
115 263 237 171 
115 271 225 179 
107 271 237 187 
105 287 259 171 
145 219 385 107 
135 263 85 667 
129 87 509 347 
133 87 443 371 
171 255 73 619 
113 99 419 315 
75 291 343 163 
63 267 355 195 
125 95 435 323 
173 279 361 91 
93 295 401 115 
83 307 377 131 
83 107 435 379 
97 91 453 459 
109 331 449 99 
137 187 107 611 
123 123 429 235 
105 271 205 219 
129 95 435 315 
149 259 241 147 
77 255 319 171 
101 303 283 147 
167 267 235 139 
93 115 413 299 
93 295 353 123 
143 151 121 507 
93 287 253 195 
89 139 425 243 
119 179 231 227 
123 187 201 227 
135 235 269 139 
121 147 235 259 
117 135 251 251 
147 207 133 299 
117 139 241 267 
121 251 347 115 
131 231 363 107 
71 219 289 259 
153 239 107 387 
129 123 231 323 
63 239 307 235 
123 99 311 363 
129 103 293 379 
123 87 309 435 
139 131 179 323 
149 227 221 163 
133 163 151 315 
103 215 309 163 
115 127 231 323 
95 131 327 267 
111 107 299 355 
169 167 109 435 
167 179 101 467 
173 155 115 419 
179 171 113 419 
109 95 309 435 
89 263 409 123 
173 151 115 435 
91 107 337 379 
91 99 385 419 
101 255 419 107 
83 115 321 379 
73 123 319 443 
75 131 315 387 
73 119 323 419 
81 279 443 131 
155 175 121 363 
107 135 307 235 
155 191 103 459 
109 111 353 291 
153 231 91 491 
95 147 341 227 
149 159 131 395 
159 155 123 411 
149 159 121 467 
63 215 359 219 
107 155 377 179 
143 187 109 467 
93 239 259 203 
139 219 93 547 
137 211 103 555 
105 155 353 187 
105 135 329 219 
105 167 389 163 
99 183 393 163 
103 191 413 139 
101 155 417 179 
137 171 125 451 
143 131 141 435 
137 147 137 459 
121 147 151 427 
115 155 151 491 
127 159 139 435 
121 191 193 267 
137 147 175 307 
153 163 153 283 
161 155 139 331 
87 135 297 307 
105 259 281 147 
91 191 285 203 
101 187 249 219 
121 231 243 163 
117 251 241 179 
107 159 279 235 
107 131 279 259 
141 251 217 171 
121 251 209 195 
103 227 261 179 
123 139 167 379 
133 163 197 251 
85 199 299 195 
121 147 193 323 
121 203 245 187 
123 215 235 179 
137 183 163 275 
137 191 183 235 
131 203 167 267 
123 207 217 203 
139 71 501 531 
67 331 491 163 
159 339 241 123 
159 211 181 227 
119 123 375 243 
69 275 273 259 
147 215 421 123 
125 263 97 691 
129 87 485 379 
77 139 495 291 
79 135 469 299 
103 87 455 443 
95 91 497 443 
77 115 417 395 
109 323 453 91 
147 207 213 187 
111 259 221 195 
93 299 231 219 
81 151 465 243 
115 139 261 259 
91 195 249 227 
143 211 125 363 
141 219 125 387 
115 135 261 267 
115 159 209 291 
109 167 221 267 
103 155 247 291 
107 175 231 275 
125 243 381 115 
121 215 375 131 
135 227 361 115 
79 195 265 291 
147 223 115 395 
145 227 115 387 
165 251 113 355 
123 103 307 363 
153 271 93 451 
135 143 177 315 
129 171 151 355 
123 163 173 323 
143 251 261 139 
111 119 311 299 
113 103 301 387 
117 111 287 347 
91 111 333 379 
129 131 159 435 
91 107 323 395 
93 111 317 379 
99 95 375 443 
103 255 383 123 
105 267 417 107 
83 119 317 379 
111 223 259 171 
105 107 361 331 
67 215 353 219 
63 215 357 243 
125 167 155 379 
139 207 103 515 
143 171 117 467 
137 223 99 515 
101 135 327 235 
139 119 187 419 
111 155 179 411 
75 183 311 275 
83 191 255 307 
75 223 281 243 
75 191 321 219 
129 159 185 283 
153 171 147 299 
97 139 257 307 
111 131 271 275 
91 135 285 307 
83 139 293 347 
135 155 181 299 
97 175 283 219 
127 227 237 171 
105 167 271 243 
99 223 227 227 
123 139 187 363 
115 151 177 355 
89 187 301 203 
91 131 295 299 
129 215 249 171 
101 191 307 171 
113 207 297 155 
51 287 455 283 
135 247 91 579 
125 247 107 643 
75 143 487 315 
77 151 485 283 
103 91 425 451 
109 319 457 99 
113 327 443 99 
109 271 203 227 
91 283 209 299 
89 263 227 275 
79 251 225 331 
79 147 431 291 
119 183 213 235 
135 203 133 395 
119 147 211 299 
111 171 207 283 
119 231 359 131 
129 227 357 123 
83 187 261 299 
131 103 291 395 
127 103 301 371 
141 147 157 307 
129 187 143 355 
121 183 177 307 
97 127 259 339 
83 155 291 315 
115 107 281 387 
131 119 181 451 
87 111 347 379 
99 107 313 411 
95 111 311 411 
87 135 277 395 
89 111 295 427 
73 139 303 403 
111 179 169 395 
105 139 213 419 
99 159 203 427 
101 251 215 243 
131 259 109 531 
89 171 359 211 
97 135 323 243 
145 115 183 443 
91 183 389 171 
99 159 201 435 
105 191 151 531 
79 179 307 251 
127 155 201 291 
83 191 283 243 
105 191 225 251 
101 167 279 227 
101 175 287 211 
99 223 229 219 
109 135 211 363 
115 159 171 371 
121 147 173 379 
99 183 283 203 
87 131 297 323 
119 127 211 387 
111 183 319 163 
109 195 331 155 
113 207 295 163 
111 195 283 171 
113 287 199 243 
115 271 179 299 
75 259 219 355 
113 163 209 299 
111 155 221 283 
111 191 215 267 
99 155 245 323 
57 267 321 307 
125 99 275 435 
137 151 167 315 
129 147 173 323 
103 143 227 347 
105 111 295 411 
105 111 303 379 
93 123 275 387 
85 119 299 411 
69 163 311 379 
71 139 305 403 
129 239 179 259 
83 191 403 195 
121 147 159 419 
73 187 319 275 
83 167 303 267 
109 191 229 243 
105 179 321 187 
123 271 101 643 
77 163 503 243 
75 163 499 283 
75 183 483 243 
105 259 183 291 
109 267 185 275 
103 263 195 283 
83 259 201 371 
75 259 217 403 
85 267 213 347 
103 191 225 283 
113 203 167 355 
85 143 267 363 
69 159 315 379 
67 147 305 443 
77 155 287 363 
73 139 285 419 
133 239 171 243 
135 259 107 475 
113 147 185 395 
119 227 115 523 
79 195 385 195 
115 155 161 467 
123 163 191 299 
89 187 251 251 
107 251 197 283 
47 355 431 435 
49 271 459 323 
51 275 461 307 
133 255 91 611 
79 171 487 219 
75 171 481 251 
113 275 181 291 
107 267 193 259 
87 251 207 347 
79 263 211 387 
117 159 203 283 
107 183 219 291 
89 183 253 307 
85 151 261 371 
89 147 263 347 
93 111 295 419 
77 163 281 379 
73 135 289 419 
81 147 271 435 
129 247 111 467 
119 223 127 515 
93 179 247 259 
85 191 257 275 
109 235 187 307 
49 259 469 347 
71 179 503 283 
77 179 465 227 
119 247 169 267 
89 267 207 331 
89 219 229 291 
103 159 225 307 
119 167 201 275 
115 159 211 275 
111 187 177 331 
89 151 261 355 
81 171 285 299 
85 123 301 363 
95 179 255 251 
101 183 239 275 
103 223 191 323 
55 243 425 355 
125 263 107 571 
131 223 103 579 
107 239 159 387 
119 247 167 315 
113 263 187 283 
91 291 207 307 
87 267 203 355 
89 275 183 379 
99 159 233 323 
109 179 177 363 
105 175 197 347 
107 203 173 347 
81 151 287 355 
83 159 267 347 
85 127 285 379 
113 111 275 363 
73 155 303 379 
85 163 235 419 
83 171 239 435 
129 279 105 507 
117 135 193 403 
107 167 181 395 
91 171 203 491 
125 215 133 459 
99 171 235 307 
107 159 233 291 
95 171 261 235 
85 235 229 299 
89 283 193 355 
101 175 195 363 
105 183 177 379 
109 199 175 347 
77 155 283 395 
87 151 251 395 
71 167 315 347 
89 155 235 419 
89 163 229 403 
83 155 247 451 
91 171 279 259 
95 179 301 211 
85 231 233 307 
99 159 225 347 
53 259 395 411 
51 271 463 291 
83 287 199 379 
125 163 215 267 
121 171 191 291 
105 183 203 331 
107 179 179 379 
79 155 273 443 
81 147 277 379 
97 143 239 347 
95 151 229 355 
65 183 331 379 
91 171 219 403 
97 147 233 403 
95 159 199 483 
81 279 231 299 
85 183 293 243 
87 183 257 291 
53 259 427 371 
55 259 459 315 
49 287 443 403 
55 263 421 283 
85 275 197 371 
69 255 213 419 
63 215 277 395 
101 175 189 379 
95 151 227 403 
85 179 245 355 
75 167 257 475 
87 295 217 307 
91 179 265 227 
57 219 399 379 
53 267 489 307 
85 227 215 347 
85 191 237 315 
83 159 249 411 
91 171 225 395 
81 183 223 435 
95 151 219 451 
95 195 245 251 
85 187 257 299 
99 239 189 339 
57 235 415 363 
85 267 203 363 
91 223 219 307 
81 191 253 315 
81 203 251 315 
89 179 223 347 
83 159 261 403 
87 183 213 459 
91 175 195 563 
93 187 239 267 
97 199 231 267 
55 211 375 435 
75 203 257 355 
57 223 335 379 
87 139 259 403 
89 187 247 283 
101 191 227 275 
53 219 383 475 
55 199 377 435 
55 223 369 475 
91 207 211 347 
89 183 233 323 
77 203 245 339 
59 203 343 427 
89 131 265 419 
91 167 229 387 
85 175 227 435 
79 203 203 475 
93 195 233 299 
55 191 409 475 
97 183 203 355 
85 191 225 395 
91 135 259 395 
91 167 225 411 
91 191 177 507 
53 207 405 451 
85 215 221 347 
107 135 223 403 
89 179 191 531 
55 203 403 411 
81 219 201 435 
93 167 197 515 
85 191 193 531 
55 211 399 403 
91 159 205 539 
87 187 187 563 
91 187 187 531 
83 187 207 515 
53 227 433 411 
79 227 193 475 
77 227 215 379 
77 219 215 435 
79 191 215 491 
79 223 187 483 
83 223 201 411 
79 235 207 395 
85 175 211 499 
87 223 193 427 
77 223 225 379 
95 195 161 467 
91 199 177 475 
85 175 203 515 
85 171 227 451 
91 235 181 419 
101 183 171 523 
91 211 169 483 
89 211 171 507 
95 195 175 443 
91 195 177 483 
85 275 159 491 
89 211 179 499 
87 175 199 531 
85 175 209 507 
89 191 185 467 
93 183 183 459 
83 191 197 483 
81 175 225 483 
83 171 223 491 
81 203 199 491 
87 203 183 443 
91 191 183 443 
93 191 175 475 
83 179 223 443 
87 171 203 539 
93 219 179 451 
93 187 187 451 
99 175 185 451 
97 179 189 467 
89 195 183 515 
95 187 169 507 
89 163 205 555 
87 247 175 419 
89 175 219 435 
97 187 181 467 
97 167 181 539 
93 211 175 459 
87 175 201 515 
91 171 197 531 
91 255 167 451 
81 275 183 443 
95 179 193 443 
85 211 195 435 
83 183 201 555 
83 171 211 555 
87 231 171 427 
93 215 183 427 
95 255 163 427 
85 243 169 467 
81 283 197 427 
81 219 195 475 
81 183 211 507 
91 215 179 459 
77 295 199 427 
81 239 199 411 
77 191 219 499 
79 195 209 539 
81 239 195 435 
83 143 243 579 
87 135 257 619 
91 135 239 595 
73 199 219 507 
47 375 383 603 
69 347 461 147 
153 271 425 83 
75 327 545 131 
77 335 481 123 
165 179 91 627 
125 123 165 563 
111 195 437 123 
121 203 395 131 
107 267 241 171 
73 287 293 211 
157 211 373 123 
59 275 311 283 
171 275 71 659 
95 167 455 163 
119 275 267 139 
161 291 229 139 
173 303 255 115 
97 111 397 307 
81 263 325 155 
179 271 193 155 
87 115 417 323 
81 111 483 363 
91 91 457 475 
79 103 409 411 
69 123 437 395 
99 327 483 99 
99 267 225 219 
101 115 413 283 
163 263 177 179 
89 283 297 163 
99 291 285 147 
121 111 373 259 
85 267 289 179 
89 131 421 259 
121 147 369 187 
137 243 279 131 
127 147 217 259 
93 207 253 211 
101 211 257 195 
87 215 287 195 
77 235 273 235 
59 247 333 227 
59 235 327 259 
59 239 329 251 
119 95 297 475 
125 99 289 419 
157 79 355 443 
157 83 403 427 
145 79 367 499 
137 231 209 187 
145 151 151 315 
99 231 291 155 
147 259 251 139 
147 291 281 115 
111 139 257 267 
101 123 329 267 
107 119 307 307 
91 131 293 307 
99 119 291 331 
107 111 297 355 
89 127 271 339 
93 123 279 347 
99 103 367 363 
163 191 97 499 
103 107 309 443 
135 147 143 419 
77 127 307 411 
77 131 339 371 
171 135 131 419 
85 103 393 427 
99 175 357 171 
147 219 171 235 
145 227 197 195 
141 255 175 227 
109 227 219 235 
137 171 145 331 
135 171 137 347 
81 207 267 259 
91 191 267 219 
109 111 369 283 
155 219 95 451 
147 207 201 203 
95 151 333 219 
143 155 129 403 
145 143 131 427 
75 235 321 187 
63 219 319 235 
65 227 341 203 
65 219 345 219 
123 275 299 115 
95 107 391 347 
115 195 365 147 
139 155 123 499 
101 227 243 195 
135 187 115 451 
91 179 373 179 
103 151 305 219 
141 123 169 395 
103 155 383 179 
133 167 121 499 
125 167 141 459 
121 179 117 491 
133 163 131 459 
115 159 147 491 
147 155 121 499 
131 143 149 427 
125 147 145 403 
125 155 143 387 
117 143 173 403 
111 143 391 187 
135 127 151 491 
91 151 397 219 
151 187 211 203 
131 207 241 171 
127 187 181 259 
95 183 287 203 
129 127 233 315 
145 163 145 307 
77 239 325 179 
101 151 291 251 
163 143 131 395 
81 151 341 267 
91 251 329 147 
141 191 133 331 
119 235 271 147 
101 231 273 171 
101 239 277 163 
109 135 275 251 
109 243 301 131 
143 263 221 163 
127 243 185 243 
107 243 263 171 
97 231 249 203 
105 171 327 179 
139 139 209 283 
129 163 211 251 
147 195 179 235 
111 199 237 211 
109 187 247 219 
113 187 245 203 
117 203 203 235 
123 239 191 235 
119 219 255 163 
109 151 303 203 
121 143 305 211 
145 179 175 243 
147 223 199 195 
129 171 199 251 
145 167 201 235 
47 367 401 571 
71 311 543 139 
81 327 471 123 
119 223 411 123 
111 259 241 179 
99 267 253 179 
91 175 477 171 
77 267 343 163 
79 251 333 163 
159 231 81 571 
87 103 409 403 
85 103 407 419 
117 267 257 155 
89 147 397 243 
87 151 415 235 
133 251 279 123 
109 171 241 259 
125 151 207 291 
123 147 215 275 
97 199 249 219 
83 203 269 235 
93 207 237 243 
59 227 347 283 
123 103 299 411 
153 255 89 499 
97 199 361 155 
57 247 355 259 
103 127 257 323 
101 131 277 299 
101 123 271 331 
109 107 307 371 
97 115 265 395 
91 135 261 339 
95 119 283 387 
87 135 289 331 
99 123 257 371 
79 131 305 387 
83 127 287 395 
79 139 293 355 
109 179 323 179 
109 159 355 171 
145 219 159 251 
143 187 137 323 
89 223 241 259 
91 195 267 211 
81 187 271 299 
97 163 309 219 
63 215 315 283 
65 211 365 251 
119 211 367 139 
105 199 353 163 
105 215 229 227 
99 239 225 251 
131 199 133 427 
137 203 109 547 
89 187 365 187 
101 151 305 243 
97 147 329 235 
125 175 141 443 
115 151 171 379 
121 163 143 427 
105 143 197 403 
121 135 167 531 
83 139 319 299 
107 143 305 235 
105 147 277 267 
99 247 233 211 
115 203 215 219 
141 203 175 235 
133 163 175 283 
97 135 321 267 
103 143 313 243 
135 203 259 171 
107 159 295 227 
139 163 183 251 
133 195 181 243 
125 231 417 115 
99 279 247 195 
151 235 359 115 
83 247 329 171 
65 147 441 395 
97 259 215 235 
85 151 421 243 
129 259 297 123 
125 167 215 251 
97 199 247 227 
87 187 271 243 
103 203 223 259 
71 227 275 267 
59 247 319 299 
57 255 423 235 
93 119 337 315 
109 107 293 387 
151 167 107 507 
105 119 257 363 
95 135 237 419 
89 151 263 331 
85 115 303 419 
83 123 301 435 
81 155 285 371 
97 175 355 187 
155 255 159 243 
89 207 263 219 
97 239 229 219 
109 211 215 251 
127 195 129 451 
111 151 169 435 
109 159 173 427 
107 151 195 371 
117 163 141 483 
99 151 199 451 
127 247 267 147 
155 187 135 299 
97 267 231 211 
115 219 193 259 
123 195 195 227 
115 215 207 243 
135 227 175 235 
121 195 191 259 
101 147 323 235 
129 167 183 275 
45 351 377 627 
137 119 163 563 
113 87 447 451 
129 315 445 99 
103 243 219 243 
91 251 229 259 
103 183 239 251 
121 175 193 275 
91 175 257 275 
149 103 243 531 
89 119 335 331 
113 107 283 387 
95 123 263 379 
97 139 235 395 
103 119 263 371 
71 163 301 387 
89 171 385 203 
115 235 203 227 
115 227 205 251 
107 207 205 283 
93 163 317 227 
115 159 155 451 
111 151 167 483 
105 151 193 435 
109 175 147 451 
111 135 207 403 
103 159 195 411 
105 167 163 507 
107 167 191 347 
111 147 177 427 
79 151 321 299 
123 191 185 267 
125 167 187 275 
47 363 355 619 
45 355 377 611 
49 343 367 587 
141 103 205 579 
103 179 235 259 
113 167 235 235 
117 175 191 291 
93 163 259 291 
111 163 249 251 
73 219 263 323 
97 115 357 339 
91 155 231 387 
93 167 217 411 
91 139 257 395 
113 163 285 227 
85 163 377 235 
87 179 319 219 
93 235 227 267 
105 211 197 299 
107 179 161 443 
113 163 163 459 
113 175 149 435 
115 167 145 403 
95 175 195 435 
103 167 201 339 
71 171 385 315 
81 147 297 307 
119 199 183 291 
47 355 393 587 
47 327 403 587 
49 343 397 579 
45 335 399 579 
49 335 369 611 
133 239 97 627 
103 175 243 259 
107 163 255 243 
121 179 209 235 
107 143 221 323 
89 227 233 283 
91 231 217 299 
107 207 139 539 
103 219 145 531 
113 175 153 419 
97 183 191 363 
81 151 295 315 
47 343 387 595 
49 323 379 635 
105 159 275 243 
107 183 247 235 
87 155 253 371 
67 167 359 339 
87 183 325 203 
95 231 209 283 
91 187 199 403 
79 163 289 331 
47 323 415 587 
49 327 379 619 
107 127 229 355 
63 159 405 427 
65 175 389 323 
67 183 381 331 
65 163 297 451 
83 195 327 203 
79 199 329 203 
91 183 327 187 
91 239 217 291 
97 215 157 531 
103 235 121 555 
95 235 141 563 
97 235 147 547 
89 223 163 579 
85 203 209 419 
103 175 173 435 
97 159 203 435 
97 199 179 395 
87 211 197 403 
97 171 195 443 
99 159 217 363 
85 159 237 443 
93 139 221 483 
49 303 387 627 
45 299 389 603 
49 335 377 595 
59 183 369 435 
75 231 261 291 
87 155 251 379 
103 123 237 395 
113 139 219 339 
63 191 417 339 
65 163 315 443 
97 211 197 315 
91 243 205 315 
99 235 139 539 
93 219 157 571 
95 191 173 459 
95 159 213 451 
89 167 223 427 
93 175 207 387 
105 167 197 363 
107 147 207 387 
87 151 239 459 
51 295 381 587 
49 307 381 603 
61 175 379 427 
73 163 279 419 
97 171 299 211 
95 239 203 291 
123 263 113 523 
97 219 139 555 
93 239 147 547 
105 223 141 531 
77 195 213 547 
99 183 187 387 
97 167 211 331 
97 167 187 483 
59 199 363 395 
97 211 151 563 
93 211 167 587 
103 203 141 539 
91 223 147 563 
101 227 149 539 
79 183 213 539 
95 199 183 387 
103 179 197 347 
101 183 197 347 
93 175 211 371 
93 179 189 499 
93 175 187 523 
83 247 173 531 
87 231 153 531 
97 219 175 419 
103 175 187 355 
91 227 167 539 
79 251 175 547 
103 167 199 363 
59 191 369 403 
71 223 249 363 
81 195 211 475 
89 227 199 371 
93 183 213 363 
101 159 203 403 
97 163 219 371 
99 207 159 547 
85 175 223 475 
99 163 205 395 
93 183 215 355 
87 191 205 387 
87 199 215 379 
87 191 203 395 
79 243 179 595 
