52 
26  56 106 
24  68  94 
22  68 116 
22  80 100 
20  80 122 
36  72  60 
40  56  70 
38  56  72 
28  72  70 
32  56  80 
28  56  90 
34  44  96 
26  68  78 
24  80  84 
38  40 104 
42  52  76 
34  60  64 
38  80  50 
30  48  88 
30  80  60 
28  76  64 
24  72  90 
22  72 112 
26  60  94 
24  60 116 
32  68  76 
26  88  70 
22  84  96 
20  84 118 
38  72  56 
40  64  62 
36  88  52 
30  72  66 
36  52  86 
28  88  62 
26 100  68 
46  76  54 
42  84  48 
48  68  60 
48  96  40 
42 120  42 
38  96  44 
34  76  58 
32  92  54 
30  96  54 
28  92  58 
36 116  50 
24 104  80 
28  60  84 
52  36 116 
26  84  72 
50  36 134 